128 128 1000 5000
18 114
52 48
39 58
80 2
84 86
50 121
47 52
3 125
41 76
7 27
95 34
72 89
117 6
111 118
89 61
125 56
10 122
99 61
54 105
69 123
53 91
124 44
67 33
82 29
58 55
2 0
67 67
78 77
24 30
41 56
36 84
127 26
28 116
12 38
34 74
60 93
82 119
125 86
118 98
37 25
7 83
36 34
81 19
98 68
70 95
68 68
23 20
3 40
25 112
92 93
25 95
125 91
1 49
8 92
84 96
49 74
42 10
89 90
26 18
127 106
114 48
26 41
125 54
92 24
1 27
46 43
124 85
95 39
94 108
68 26
125 76
107 5
24 89
81 116
31 8
6 17
65 35
19 27
118 75
3 10
26 56
84 48
33 67
65 21
66 72
33 35
95 99
110 59
95 0
121 105
66 75
89 11
83 12
91 67
82 18
35 98
97 27
20 19
72 36
57 90
90 53
67 122
73 78
27 78
50 39
89 63
111 52
68 7
43 19
87 5
1 99
91 32
96 55
59 54
109 24
57 101
91 56
124 84
54 0
56 35
56 120
55 86
63 119
59 32
50 119
125 44
16 96
24 28
103 85
86 105
97 78
85 47
63 72
79 52
31 40
58 84
58 85
80 12
37 123
121 19
31 107
69 55
32 0
6 82
74 79
115 85
38 118
33 13
21 38
116 101
17 16
58 52
61 86
63 99
122 96
126 112
25 93
95 28
24 57
102 75
88 37
12 70
121 107
122 9
84 78
112 107
127 85
40 70
64 26
127 53
127 8
21 4
54 2
35 33
63 127
19 25
40 57
46 125
47 22
56 37
50 73
112 32
1 30
22 42
3 22
39 69
88 67
61 62
97 9
24 109
97 5
63 0
48 5
120 106
14 89
111 37
2 103
40 91
67 98
110 25
19 16
55 106
85 110
34 72
49 112
91 58
17 14
75 83
64 39
11 69
32 66
15 8
47 5
63 23
75 21
25 12
87 29
59 56
59 67
105 29
9 63
57 61
121 74
36 26
66 42
34 14
45 1
75 19
104 28
21 96
55 29
63 28
0 90
18 80
96 101
51 12
96 0
110 45
124 50
31 77
121 80
0 127
89 101
15 116
32 71
127 49
96 88
93 86
96 56
86 107
101 43
81 99
42 66
95 15
117 112
126 109
0 77
59 111
4 51
96 34
56 98
97 75
31 63
63 96
59 64
65 70
31 45
33 27
21 29
89 60
55 5
1 76
33 70
61 20
1 44
64 113
118 10
21 107
118 43
83 2
65 30
97 32
98 71
107 114
18 15
64 95
25 63
97 113
57 60
84 76
24 77
74 22
55 28
63 4
87 104
38 12
4 52
124 82
97 1
102 105
60 61
120 13
58 108
7 119
32 39
58 14
29 118
68 66
124 53
71 92
87 86
121 48
48 123
3 120
49 116
3 118
53 96
121 24
81 76
0 64
59 109
91 51
103 111
59 51
63 40
48 10
89 58
127 82
90 87
27 66
53 54
87 52
96 13
25 86
23 12
1 65
12 13
15 10
73 56
37 111
6 6
102 96
15 101
25 56
113 26
0 32
73 2
97 51
68 4
52 44
8 60
34 42
117 115
79 84
95 4
90 20
32 34
64 71
107 104
18 17
42 20
81 74
91 35
42 34
32 123
106 110
31 100
1 41
55 52
89 24
13 12
52 31
99 54
48 22
29 108
102 43
32 63
109 71
92 112
12 60
0 120
72 57
13 97
58 49
115 81
127 96
71 39
101 115
115 79
56 100
109 65
97 40
127 81
70 12
41 78
75 104
109 39
63 3
7 14
110 91
97 72
72 91
90 81
103 87
31 7
58 53
49 44
121 42
84 74
61 11
96 63
74 10
114 21
3 37
83 105
127 113
79 7
71 58
55 102
69 111
60 21
107 90
80 10
71 37
89 9
7 117
31 117
66 14
127 36
63 15
96 120
84 46
1 110
101 109
57 24
42 29
11 9
12 11
64 66
93 94
55 75
0 31
71 60
52 17
40 23
46 75
6 50
13 108
88 120
73 23
39 60
22 74
1 48
24 25
91 64
77 66
66 80
124 52
109 33
54 107
31 58
81 120
96 20
99 3
32 114
90 55
34 48
49 97
36 66
43 104
41 88
3 69
63 34
1 59
52 12
17 48
59 58
108 6
35 117
36 52
115 47
34 75
52 80
95 119
24 9
26 88
85 54
69 87
120 77
103 96
34 40
46 108
22 23
1 73
5 8
84 15
97 67
61 94
8 94
56 67
18 112
25 41
18 7
82 19
114 82
89 95
89 31
74 31
22 112
79 9
23 60
108 33
109 44
59 86
64 114
90 108
73 125
79 5
57 63
120 22
106 112
78 75
120 100
23 6
3 67
95 40
100 79
61 113
116 105
57 9
117 32
79 50
7 53
4 86
73 46
95 23
55 43
95 66
125 59
24 54
102 18
97 12
74 50
99 119
57 99
31 4
87 102
90 14
0 119
98 2
97 43
45 66
96 102
103 53
40 89
18 85
63 66
42 50
117 4
24 86
113 96
29 120
1 115
31 113
115 53
74 34
109 7
13 71
108 65
80 0
35 122
98 107
33 38
12 97
57 120
25 83
49 42
6 107
52 54
1 80
96 26
81 118
30 30
63 31
61 114
17 90
123 14
100 44
41 125
24 51
49 19
50 71
90 84
112 64
121 97
42 31
53 59
47 84
85 91
127 68
121 29
108 89
43 9
85 96
11 122
0 45
2 66
100 20
79 82
19 113
124 97
73 5
95 43
110 116
78 43
122 24
1 81
31 114
82 121
40 68
103 19
92 55
121 22
25 54
25 106
57 92
12 121
53 110
66 43
7 110
118 113
89 14
31 20
53 21
42 82
113 98
66 40
84 42
38 95
7 51
42 22
54 4
87 18
1 91
104 30
11 37
57 11
10 36
47 7
50 29
0 89
86 25
66 48
36 4
111 113
29 34
22 5
121 99
52 42
52 74
35 65
52 86
55 84
43 51
72 59
25 10
127 31
41 23
58 20
100 19
78 125
97 35
50 41
39 71
93 11
78 45
7 29
8 2
37 55
95 3
25 73
99 86
25 61
62 108
14 57
112 109
53 79
22 107
52 15
91 88
59 83
118 123
99 56
90 49
21 8
9 61
84 80
67 65
99 93
92 87
51 18
97 17
73 88
72 23
119 28
0 58
100 47
64 96
57 93
57 58
59 90
121 31
0 57
3 72
67 35
117 64
91 54
21 68
17 80
29 123
47 50
20 28
96 116
12 2
84 44
53 77
99 8
53 24
118 80
39 92
4 108
48 0
47 82
49 99
51 0
14 109
46 45
117 43
88 28
100 76
96 25
42 79
111 84
28 108
52 78
118 110
53 45
1 104
31 90
106 90
81 44
106 125
85 77
73 76
9 22
105 121
120 19
60 55
86 2
111 115
53 26
98 36
71 85
120 25
7 85
125 0
81 42
114 50
34 80
1 107
84 31
127 13
127 43
1 33
21 27
123 96
65 38
74 20
53 86
41 2
33 21
1 37
101 75
14 123
110 119
41 46
56 69
67 117
93 20
93 54
64 31
93 62
72 70
21 70
59 35
98 98
101 113
13 88
67 126
112 114
71 69
103 55
79 22
26 16
50 19
123 118
97 16
61 54
18 28
83 0
86 0
85 108
82 39
56 28
85 24
13 39
82 71
38 63
12 92
87 28
114 80
121 9
90 85
97 83
53 47
35 35
108 57
71 53
47 9
69 25
32 26
9 93
85 86
123 99
83 18
92 21
122 117
71 71
63 75
13 103
93 113
4 84
73 113
10 68
48 2
80 5
37 13
121 76
11 7
117 75
28 114
127 99
29 64
111 120
114 16
23 92
103 78
57 95
91 109
7 112
89 92
69 114
120 45
70 118
74 82
115 49
64 123
80 123
87 84
63 39
65 67
39 90
33 104
85 21
73 101
81 97
110 77
18 48
0 11
43 83
88 100
52 46
69 13
91 83
125 2
51 105
49 76
100 22
28 117
64 0
24 45
41 5
49 118
52 76
86 21
87 75
103 48
68 36
25 88
89 120
80 22
1 19
105 31
3 35
49 120
25 9
31 72
74 112
43 21
74 47
46 77
33 107
97 108
124 100
54 25
39 85
99 5
89 93
0 98
55 18
19 111
29 66
25 108
0 84
58 81
65 104
27 34
107 116
84 54
33 30
40 59
88 35
95 127
108 28
95 72
55 104
87 43
123 2
119 123
17 58
106 4
99 121
87 106
85 79
58 87
113 16
106 58
71 90
51 2
91 86
68 34
103 80
85 59
96 125
66 74
11 19
19 117
75 9
4 83
67 119
53 108
34 43
35 119
89 99
87 54
73 123
96 87
82 41
63 43
118 48
111 69
22 12
91 111
37 87
20 30
45 34
127 50
84 17
8 62
18 53
95 71
121 44
99 88
84 12
36 68
81 112
21 36
107 58
93 114
39 37
88 98
42 112
35 126
63 71
127 75
124 113
25 26
85 45
41 113
92 61
89 116
21 30
45 25
119 103
118 32
44 124
23 109
35 75
109 6
52 111
28 98
9 55
101 65
3 124
20 52
66 99
43 94
122 22
5 26
44 17
18 6
25 113
62 119
88 79
119 58
92 49
91 87
61 79
107 41
10 51
114 27
65 113
12 122
30 88
36 73
99 39
123 74
104 45
17 76
1 47
20 44
72 37
2 3
127 112
41 83
113 80
89 114
97 33
68 44
81 14
50 95
94 66
86 26
13 50
49 65
91 44
61 92
15 119
32 97
116 112
59 33
24 84
11 104
104 60
0 76
1 75
41 119
112 33
14 56
119 122
78 57
8 76
3 100
59 118
59 68
82 111
64 98
44 80
71 16
28 70
15 9
14 37
121 3
54 91
52 75
126 116
20 55
120 87
48 11
28 29
92 35
35 103
31 41
68 111
87 0
68 94
34 8
105 84
10 123
114 15
84 108
60 107
34 9
1 21
121 63
36 120
43 121
75 97
55 37
22 8
74 108
37 58
80 120
44 47
12 56
98 5
12 59
126 67
94 72
15 58
84 45
64 115
102 78
67 69
86 40
6 53
23 57
103 110
47 8
55 65
40 29
122 97
115 52
79 108
53 76
41 3
13 92
108 110
97 0
125 77
37 26
85 10
101 83
94 11
80 53
84 77
15 91
17 84
30 87
10 33
93 126
65 123
75 10
38 67
78 121
70 69
95 35
94 9
75 107
25 30
71 57
47 2
1 67
56 19
83 86
61 63
22 24
88 74
59 113
63 2
83 8
94 119
71 1
16 67
59 11
39 89
124 126
106 80
76 58
66 38
57 71
20 46
61 112
99 49
49 57
112 117
7 24
4 4
64 78
84 125
50 113
101 6
122 29
19 97
28 26
107 74
51 22
68 77
104 91
79 79
58 51
28 79
14 79
91 78
88 70
36 85
117 65
92 105
10 31
62 80
28 57
41 13
49 101
62 27
10 82
96 57
71 2
24 123
36 123
86 119
86 96
28 75
43 97
9 116
63 35
51 86
81 59
99 15
70 110
120 99
64 10
63 38
117 123
68 114
30 122
26 122
107 83
70 86
27 1
19 67
98 32
124 91
21 12
60 22
30 3
48 39
106 94
75 14
12 14
35 37
87 92
27 8
118 122
15 96
101 87
57 107
69 41
118 112
122 116
18 25
8 58
107 103
101 62
5 59
49 13
65 95
9 58
100 66
1 29
93 96
104 83
19 114
91 105
54 125
15 90
121 10
6 81
95 88
23 86
90 0
115 72
59 3
9 7
117 105
96 103
94 17
119 34
52 34
30 54
104 104
123 31
67 34
5 58
61 55
11 105
33 0
78 107
119 24
57 39
40 119
102 100
43 100
21 125
39 13
19 74
11 68
58 31
13 83
124 54
116 70
49 89
67 26
16 68
43 92
16 80
37 82
51 25
71 114
11 114
73 27
0 91
109 91
1 117
10 17
36 40
23 61
59 112
126 111
49 41
116 75
29 10
55 55
23 89
127 90
52 124
121 65
52 77
20 123
122 88
56 27
30 107
85 44
111 78
107 12
27 2
22 111
110 56
125 69
32 112
31 6
124 98
115 45
7 30
74 16
2 67
49 121
45 125
61 2
101 114
17 101
127 52
0 65
110 88
58 68
85 107
26 75
1 70
56 42
18 23
109 77
96 118
102 14
88 101
33 68
99 110
94 16
112 96
70 47
125 13
101 67
85 73
61 34
42 48
54 69
60 32
125 19
18 50
109 40
24 118
90 17
5 90
24 95
11 79
125 74
28 37
31 30
40 24
71 46
22 30
0 59
98 75
117 8
121 2
89 77
40 49
106 113
50 48
28 123
9 120
118 68
18 47
44 16
44 49
116 109
125 10
126 64
127 51
73 55
40 8
6 121
18 90
117 104
91 112
98 95
45 52
59 5
21 7
6 61
87 107
29 119
47 48
25 67
101 92
99 16
5 123
49 0
44 83
10 3
41 77
57 85
109 104
9 2
7 95
42 16
13 87
8 51
111 9
11 97
41 82
95 126
69 86
70 58
60 51
26 104
93 55
28 97
96 48
45 26
107 16
84 35
73 38
110 50
119 11
29 51
64 30
59 36
86 120
126 13
108 25
113 109
24 58
104 44
16 106
12 16
93 34
70 33
52 21
83 38
39 122
108 54
104 17
41 111
2 18
38 100
98 106
1 12
94 26
88 78
90 82
33 25
87 120
66 76
39 70
26 116
33 37
72 118
109 13
117 113
10 111
8 25
36 95
39 124
101 34
27 33
84 104
60 71
126 7
7 13
30 53
93 33
24 73
28 17
98 35
69 99
6 104
44 100
84 127
73 91
59 9
84 50
80 55
90 11
54 68
51 119
23 13
111 70
26 93
46 29
29 77
17 15
115 44
126 32
27 56
97 15
15 16
17 118
96 108
102 104
106 104
30 72
119 29
62 105
77 113
96 24
8 99
96 1
50 10
101 66
85 48
69 84
91 96
114 55
69 81
91 110
64 97
91 68
123 59
20 101
64 62
32 10
23 116
2 57
21 74
94 65
13 13
55 44
91 45
8 44
69 66
10 120
62 46
84 6
80 86
118 64
52 87
68 76
98 20
30 67
34 53
27 62
110 51
69 0
48 99
36 72
114 26
67 125
80 25
88 71
112 4
47 13
26 89
95 111
13 10
62 31
53 85
126 114
53 17
0 121
3 34
73 50
67 60
16 10
47 83
71 38
29 84
61 66
41 85
119 75
94 50
72 61
37 54
102 89
124 2
44 70
24 120
66 41
104 124
114 18
56 2
85 113
92 90
111 122
36 98
26 111
78 95
99 4
69 27
9 122
14 104
120 88
12 72
61 41
15 72
8 119
39 1
115 22
86 51
73 85
18 72
24 63
49 98
1 20
34 62
62 21
14 110
107 6
114 107
110 40
109 72
83 71
110 57
27 106
71 107
10 37
74 107
57 28
56 96
105 79
99 11
87 55
27 124
0 85
116 46
94 46
5 120
60 83
54 83
59 8
27 11
81 89
72 101
106 108
36 53
69 49
38 34
34 90
88 112
123 91
66 63
78 100
44 33
88 51
98 92
51 17
66 61
75 117
75 95
76 65
121 81
82 3
124 122
33 127
13 66
51 52
43 77
5 108
124 110
105 122
59 117
9 15
21 113
59 46
10 125
8 5
92 101
63 13
122 45
54 54
52 60
18 94
36 62
27 102
18 63
26 47
59 77
36 27
120 31
66 105
105 58
19 70
111 19
68 65
55 88
77 107
58 16
62 79
52 55
105 98
83 9
18 27
11 48
111 55
76 83
113 85
94 45
117 30
62 9
78 50
13 21
29 91
48 117
71 23
49 35
93 93
88 102
27 92
8 27
10 20
38 36
71 5
126 113
108 90
75 92
76 1
57 67
56 41
59 108
123 0
104 25
90 60
127 73
36 45
68 24
27 88
29 31
122 40
88 123
68 27
108 123
7 31
50 56
94 44
100 105
111 28
122 86
112 3
14 71
9 84
34 106
122 25
86 20
70 48
82 60
95 38
70 37
41 45
98 38
12 117
115 77
115 67
80 87
110 12
1 52
110 102
67 46
16 73
97 99
105 52
104 90
83 119
120 112
59 52
116 104
119 50
22 6
62 17
30 7
33 125
119 5
43 10
12 37
10 30
2 121
72 43
92 56
10 59
75 2
92 123
86 29
58 61
74 81
104 76
1 34
105 46
91 53
47 21
5 115
59 121
7 94
110 20
31 102
69 113
106 6
5 37
0 112
21 116
46 63
1 0
59 53
65 127
79 12
35 14
97 25
72 81
120 29
62 107
62 66
72 7
75 63
103 93
17 1
24 56
36 65
79 83
105 45
67 74
14 127
34 60
103 20
34 7
58 24
95 67
8 39
50 116
101 9
17 102
91 89
76 71
67 103
19 88
126 95
31 111
52 81
15 33
48 108
51 39
51 28
56 70
111 27
4 50
0 118
5 99
62 55
35 118
126 105
120 105
44 11
126 82
57 53
44 31
84 99
97 26
75 118
92 32
125 37
103 18
19 28
90 26
30 84
4 53
27 85
109 8
115 16
27 64
54 86
6 79
90 16
10 93
83 74
46 11
5 7
0 115
38 30
53 20
50 78
34 30
30 118
16 48
103 113
22 92
59 62
77 93
31 62
81 75
123 28
103 43
123 30
101 24
112 93
81 13
50 44
70 5
55 93
123 29
127 41
16 113
12 71
74 100
64 70
58 80
20 18
97 85
49 113
43 2
98 121
24 53
85 11
54 20
53 116
108 5
52 58
127 80
123 24
65 46
42 126
69 2
123 107
61 115
19 53
84 102
23 43
19 9
60 113
119 77
86 67
95 22
33 72
49 102
26 79
12 108
46 58
75 60
124 99
34 27
83 99
101 20
8 56
126 115
55 110
122 80
2 71
94 34
14 59
126 58
98 37
50 46
84 65
21 26
101 52
101 12
62 45
112 58
57 66
39 91
53 97
98 42
70 6
3 103
55 4
80 19
86 36
67 66
51 23
8 14
45 105
35 23
85 92
112 115
73 47
78 34
29 4
40 58
3 95
104 63
62 71
102 40
21 112
119 25
56 95
48 74
97 119
45 45
44 76
70 10
99 76
20 83
112 60
37 59
48 25
27 95
10 61
50 81
30 113
74 30
21 37
49 34
109 116
16 42
58 90
7 15
8 11
74 126
66 116
114 121
15 41
8 45
75 76
19 26
94 63
50 92
7 82
66 100
114 20
72 76
89 107
56 83
75 57
104 103
58 19
90 50
106 1
55 105
67 109
49 111
114 95
51 70
126 26
89 94
13 117
32 38
10 41
91 34
97 44
68 62
36 126
40 71
37 118
22 3
19 42
55 6
57 103
91 114
12 93
81 7
22 75
100 65
32 27
36 63
127 47
16 19
125 12
19 66
21 120
110 6
71 125
72 49
78 55
121 12
20 4
107 49
103 3
62 103
96 83
68 55
113 48
17 77
7 50
98 83
78 60
5 57
80 11
35 47
119 107
19 69
47 115
2 48
27 67
48 31
37 2
6 54
97 65
43 84
126 90
42 81
78 58
118 94
59 101
87 66
67 99
124 25
14 84
27 69
121 101
92 38
73 19
25 5
88 50
54 67
71 124
22 66
30 45
6 69
104 19
31 94
75 33
112 90
59 119
95 56
29 111
39 125
59 61
87 56
19 38
63 117
111 26
36 3
61 93
119 13
117 114
46 50
4 63
68 119
8 10
21 11
91 29
98 60
120 107
106 62
53 10
22 90
38 58
1 74
30 64
8 122
67 113
23 9
124 11
110 108
24 24
8 116
37 0
114 122
85 12
83 23
45 61
49 75
112 52
105 89
4 107
81 34
89 52
46 0
88 47
66 13
113 45
119 90
19 124
61 65
31 101
117 17
66 30
76 79
29 103
22 60
43 20
55 12
39 116
20 6
116 115
12 57
66 9
104 84
56 78
113 99
95 108
46 91
116 38
51 122
24 2
83 78
68 120
91 21
58 83
47 49
88 83
10 112
67 108
61 48
124 26
34 13
7 9
19 89
84 92
75 85
99 72
92 107
42 49
62 112
16 97
51 13
73 112
46 121
60 62
30 86
20 84
42 68
11 84
100 115
78 82
2 25
25 44
33 65
38 19
66 19
8 93
7 64
36 121
93 47
35 60
21 48
22 35
43 102
27 73
28 69
113 120
39 77
51 27
76 31
65 68
73 45
5 112
62 78
87 27
70 65
46 113
76 110
115 1
1 77
126 53
37 74
119 52
49 90
38 123
33 71
53 73
6 117
50 60
93 48
55 27
39 113
56 112
3 54
9 111
113 47
91 122
116 59
57 64
35 93
6 70
124 15
58 13
35 22
107 125
44 123
115 2
63 112
79 80
122 52
61 0
125 53
104 38
75 4
67 4
105 23
95 42
75 121
8 98
119 99
65 69
49 58
106 87
107 63
26 10
98 24
29 75
126 75
12 7
94 121
3 63
95 30
91 55
24 119
23 123
113 51
42 23
32 70
111 125
44 12
90 56
67 22
117 62
52 67
73 66
19 108
2 105
59 76
81 57
100 99
83 30
72 85
101 27
76 48
84 43
43 44
82 113
34 104
34 59
67 93
23 37
43 45
38 62
123 113
41 50
99 2
71 28
107 91
30 100
65 25
21 3
52 102
81 29
10 92
58 50
108 124
8 68
72 73
76 33
122 108
7 18
90 86
107 40
92 54
40 22
64 77
114 33
37 41
66 15
5 42
112 69
84 30
65 109
30 57
3 75
71 100
82 120
66 56
52 121
117 93
107 43
24 6
61 1
26 9
83 52
104 92
96 67
89 38
55 127
50 63
57 13
74 78
14 113
3 43
30 90
55 115
29 68
33 46
92 62
4 97
107 98
31 73
84 60
68 40
79 119
103 79
38 20
72 125
38 10
2 44
94 21
87 61
71 9
89 98
67 43
66 88
104 29
77 23
106 109
18 84
89 65
100 1
54 26
91 93
112 92
73 53
59 74
12 110
11 126
53 11
18 13
98 3
1 84
77 77
111 126
34 92
32 35
38 14
47 81
31 91
94 127
48 16
65 32
9 87
88 2
118 6
54 124
122 120
73 83
8 91
94 100
110 100
111 56
0 122
111 1
36 116
14 43
60 101
61 116
59 24
102 76
108 117
57 84
7 35
75 42
5 69
34 97
56 87
68 41
99 31
105 78
56 73
42 19
118 20
40 61
99 7
38 13
54 6
4 13
123 90
57 91
100 117
1 50
125 80
37 124
67 92
30 35
80 31
95 125
110 115
125 71
105 30
14 90
59 55
43 56
12 28
6 18
102 21
82 49
10 104
15 31
57 114
14 100
6 29
8 108
115 9
94 10
3 60
54 5
90 13
115 60
48 85
107 95
39 100
55 49
5 73
5 28
31 44
11 106
11 86
125 117
117 50
102 72
46 116
97 18
70 35
42 36
83 1
98 40
78 90
40 94
28 78
13 77
63 5
36 105
11 26
7 28
40 88
50 93
72 64
1 60
10 23
72 39
59 94
116 78
22 43
1 98
41 89
86 13
104 119
48 1
73 116
76 9
106 79
66 27
31 12
24 44
87 50
94 105
18 29
127 38
30 52
127 30
73 24
118 52
40 7
56 38
44 110
6 87
73 3
60 19
121 43
5 114
94 48
54 15
2 37
104 65
43 55
2 90
114 49
55 89
56 39
109 114
55 34
31 115
110 111
29 95
73 57
92 106
98 7
107 115
30 51
91 33
52 0
46 92
87 97
105 54
34 105
108 116
124 6
91 28
2 10
43 124
88 105
111 123
36 67
26 29
71 117
97 126
54 23
126 22
34 70
3 117
56 17
4 64
74 18
16 125
35 26
102 125
3 113
82 88
76 124
55 21
4 125
98 89
45 84
69 21
65 0
55 53
9 57
77 20
82 118
30 19
11 43
29 117
35 113
22 96
60 64
65 26
63 87
29 62
33 64
81 121
65 33
63 6
3 47
57 25
89 28
73 124
12 17
74 11
65 29
106 72
96 114
111 53
17 8
101 13
51 42
108 126
119 22
83 22
121 25
30 56
117 7
68 53
33 124
33 14
56 1
69 12
98 17
17 97
121 49
62 96
97 101
18 111
109 80
6 93
3 71
93 1
94 87
93 0
15 12
39 108
74 111
4 9
126 23
124 83
21 42
126 36
31 116
85 46
66 18
47 78
93 60
97 52
81 0
30 17
84 58
83 104
100 33
35 29
98 26
116 110
45 9
90 120
8 124
123 13
59 95
22 108
124 88
40 64
50 3
126 85
109 2
79 47
80 39
78 22
54 123
51 46
88 30
110 72
100 3
108 39
27 7
88 41
62 32
41 57
124 114
95 2
54 106
55 33
112 10
107 81
23 46
67 68
8 95
37 38
24 1
57 116
80 93
100 124
117 33
71 116
70 50
48 107
68 108
11 75
40 117
1 31
121 122
18 120
40 41
114 94
103 54
117 5
77 33
106 71
39 45
7 104
94 112
79 116
78 29
88 99
50 30
70 17
40 53
86 110
46 76
38 33
54 29
69 50
33 114
89 13
81 18
127 12
32 24
111 0
115 105
106 28
119 109
97 88
108 56
59 44
75 75
90 90
30 83
116 20
88 3
68 85
38 37
44 43
107 89
104 33
8 81
50 62
34 117
21 93
122 73
106 48
58 125
17 69
89 34
84 75
18 126
74 33
95 112
5 118
80 99
22 29
110 61
6 101
30 49
79 2
22 85
43 103
127 69
50 47
101 96
56 84
83 51
78 5
62 100
44 9
56 71
8 83
82 79
21 23
13 51
102 56
91 62
0 125
121 84
120 42
81 98
93 87
2 26
31 122
97 36
91 106
55 100
68 13
89 64
68 116
45 109
49 5
29 3
73 79
27 60
63 73
35 123
4 62
86 104
75 77
0 94
79 124
28 99
51 37
51 74
16 116
24 93
10 9
44 75
27 103
54 104
2 15
115 68
70 66
69 42
0 30
3 66
49 126
11 76
69 70
53 55
19 36
41 112
81 111
56 4
82 30
38 51
44 65
112 89
64 38
127 57
52 5
116 13
25 126
107 94
26 108
39 106
117 56
18 58
40 81
79 101
105 103
93 35
36 76
107 122
120 12
111 46
107 119
2 80
101 82
106 39
28 115
18 62
108 0
97 31
33 23
89 35
112 72
22 13
56 63
72 88
64 46
98 1
109 70
31 22
89 100
96 80
62 48
45 53
55 46
76 47
94 40
64 24
73 119
47 46
25 53
67 112
109 66
121 30
21 18
49 67
109 18
39 126
49 123
91 52
42 46
106 55
10 73
97 3
98 108
113 65
109 48
110 26
120 78
108 46
102 115
14 18
125 49
91 30
114 79
20 16
120 123
114 65
2 81
23 98
59 87
100 18
25 42
5 119
35 4
44 13
105 68
2 91
54 113
98 78
29 22
105 20
118 84
45 4
60 50
91 74
50 4
83 37
114 53
34 67
39 110
101 14
126 8
96 27
63 22
25 109
114 103
55 0
75 103
97 116
36 44
51 114
72 94
60 8
26 24
50 111
25 116
26 13
25 11
59 96
41 124
118 111
89 20
62 13
104 32
104 48
103 114
87 81
116 117
89 59
52 82
69 59
71 105
84 34
14 88
51 99
5 13
103 40
105 24
108 118
38 66
126 99
38 48
111 107
60 38
63 108
23 19
54 24
41 51
96 90
40 21
86 118
77 85
110 33
57 35
108 27
19 3
108 111
55 66
9 16
101 121
97 102
52 127
116 65
89 39
59 28
30 117
45 85
52 100
66 97
38 86
21 95
32 45
85 97
45 96
16 101
26 120
93 73
51 108
122 78
56 51
15 61
25 35
46 100
38 5
98 13
127 98
42 33
4 1
103 108
101 50
84 4
103 31
13 102
83 114
59 120
62 121
119 45
95 19
82 47
114 47
52 35
3 21
88 106
110 117
88 1
54 122
30 68
33 69
91 31
6 120
29 12
11 62
63 56
111 88
117 98
82 80
67 3
3 28
6 55
14 97
109 59
113 83
66 44
72 90
43 33
23 24
70 14
56 47
105 85
24 12
3 104
27 118
20 107
71 68
11 36
108 78
70 94
54 118
11 52
103 0
27 27
4 67
25 27
19 121
92 51
119 114
57 77
6 19
5 52
57 40
29 11
118 62
85 80
33 63
15 117
23 83
71 36
5 27
84 87
76 82
46 14
20 45
117 44
14 87
44 90
73 111
25 74
62 25
38 47
111 67
2 126
113 114
121 21
107 113
59 66
56 82
76 123
25 89
44 111
104 59
34 32
99 44
35 17
67 75
57 98
73 26
3 83
102 126
42 104
63 42
81 126
59 30
84 0
87 88
51 96
44 50
85 60
11 85
25 107
61 33
94 43
11 20
94 15
11 44
114 28
111 77
18 16
21 47
52 33
87 82
20 87
122 56
19 122
110 11
104 3
72 32
30 58
123 5
101 10
70 34
124 86
117 88
99 84
16 45
67 36
87 89
14 115
122 44
100 116
42 11
77 9
87 46
17 22
64 122
69 39
67 79
1 66
18 22
98 99
8 63
5 96
107 11
41 20
56 55
88 27
47 124
53 9
22 116
122 121
102 102
11 70
34 89
105 56
32 46
25 4
49 33
68 105
17 9
102 88
34 38
122 84
124 35
88 82
57 26
118 99
29 5
31 121
5 22
12 120
41 121
76 18
20 102
61 61
50 88
13 112
61 47
56 99
58 60
35 66
69 34
33 109
98 47
60 39
30 71
103 1
43 87
66 117
97 10
56 14
14 125
49 50
19 41
76 111
29 109
114 56
67 83
36 111
14 12
30 18
71 13
70 100
35 81
30 55
98 69
75 88
7 84
70 119
78 116
66 7
60 49
81 10
50 118
4 102
126 119
28 118
52 6
61 38
51 24
1 6
106 8
66 115
5 20
80 106
79 64
83 28
97 55
113 79
113 46
37 20
78 113
26 14
34 44
81 58
106 5
114 115
99 126
18 31
41 26
55 78
15 83
46 89
66 62
78 16
104 70
63 70
39 46
54 110
102 46
84 121
126 106
39 105
92 71
11 10
79 32
104 117
38 16
56 21
48 71
16 71
119 113
94 103
71 17
26 86
11 94
24 52
70 109
6 85
11 35
40 42
107 31
81 91
54 120
93 21
41 52
86 23
46 124
34 122
36 35
37 71
120 46
16 6
88 19
81 82
91 42
97 77
2 85
60 90
33 34
16 74
14 44
29 41
89 33
28 120
68 73
18 97
36 87
24 110
34 35
2 84
100 0
40 74
41 120
1 109
63 41
122 103
104 66
81 5
114 123
56 105
89 81
94 4
121 106
124 16
49 10
18 113
77 112
32 13
30 81
2 33
109 103
76 13
68 72
28 16
22 52
3 6
56 106
39 38
89 49
73 34
5 76
112 75
72 24
1 32
91 77
100 75
2 27
4 14
40 32
23 54
77 24
14 8
27 123
8 59
2 1
57 33
65 66
96 117
87 87
15 73
117 84
88 43
100 97
90 48
4 98
116 81
109 53
39 117
1 100
108 86
109 34
24 75
62 120
54 72
2 77
19 56
83 54
126 35
83 13
116 52
39 127
34 95
92 67
99 19
43 60
23 78
55 120
70 82
40 92
81 43
0 50
92 72
90 80
123 1
27 65
86 1
76 38
16 104
124 77
52 99
41 53
16 16
100 86
107 75
32 1
94 81
91 75
114 63
10 69
20 78
118 1
115 71
118 101
76 44
52 126
52 16
14 55
27 108
6 5
107 15
107 30
19 33
104 2
11 24
78 87
52 108
6 100
55 11
49 51
19 34
26 115
23 99
42 65
110 49
73 86
109 85
15 27
3 51
29 43
56 74
13 2
5 41
0 44
55 62
86 122
77 26
0 56
8 109
11 8
87 105
94 78
61 87
9 62
120 9
18 79
52 66
99 101
65 124
117 89
16 124
74 37
117 48
105 90
39 86
110 93
101 70
119 110
106 29
80 42
7 16
68 63
95 1
79 48
47 79
2 69
75 22
116 43
15 94
49 59
21 22
25 66
105 67
117 80
11 115
91 43
87 24
76 21
26 57
24 48
88 95
121 94
76 80
55 30
104 121
65 103
64 27
77 4
92 104
80 54
60 92
102 113
29 67
26 25
0 88
79 13
66 10
88 68
38 82
23 69
107 65
125 87
101 56
15 79
76 39
116 37
18 14
13 29
100 43
19 19
115 40
72 8
29 45
19 80
82 46
58 111
2 45
115 25
101 84
123 39
82 56
76 43
105 109
6 1
40 118
69 58
98 46
72 58
11 99
77 51
37 102
90 88
22 9
86 79
82 78
7 19
88 46
98 21
87 69
124 111
89 62
108 8
116 111
120 111
28 66
17 47
5 38
45 51
29 94
66 81
20 77
118 28
3 119
91 3
37 7
69 91
37 52
66 106
88 96
88 17
100 98
4 93
119 91
30 99
24 61
20 79
108 71
4 95
1 90
2 39
7 68
91 61
101 86
9 89
69 54
111 98
95 87
121 100
80 72
91 46
13 26
5 23
111 15
124 34
8 90
96 121
125 84
27 37
96 124
98 123
79 63
89 85
57 32
117 82
14 52
52 45
3 108
49 115
100 106
84 55
87 65
29 101
127 58
119 102
5 97
87 115
76 49
5 21
72 60
110 21
65 39
99 107
104 107
80 108
69 20
42 80
21 94
24 85
33 29
52 114
95 13
67 123
102 57
107 21
6 47
124 10
115 21
126 21
61 85
36 13
38 65
111 110
25 52
93 92
43 57
21 5
107 72
118 3
97 53
30 114
38 6
28 18
63 29
11 53
1 42
55 24
115 5
14 39
125 100
8 115
41 19
43 4
98 51
66 92
122 113
97 107
25 8
126 34
98 22
115 3
115 39
22 84
0 15
83 83
7 33
98 113
60 106
89 25
72 56
107 118
40 93
112 57
73 70
66 90
26 4
92 113
66 6
56 22
68 124
1 82
72 74
15 20
10 83
27 16
98 70
92 39
29 36
21 62
91 66
69 90
59 57
121 36
30 8
19 100
13 72
40 69
120 5
41 59
82 12
24 8
62 76
69 124
119 59
42 0
45 24
91 9
58 109
84 126
3 111
53 46
30 98
13 89
98 74
3 79
80 107
13 55
89 70
69 112
125 90
92 20
35 42
59 42
116 19
121 33
20 88
12 91
36 77
97 71
56 97
125 20
113 78
53 87
8 67
58 0
8 97
68 25
37 14
65 28
19 54
8 49
33 28
87 57
73 120
24 41
20 97
42 18
79 81
57 59
22 53
32 77
117 52
67 11
4 22
14 29
8 36
66 17
7 111
44 48
91 65
94 28
56 90
59 65
52 50
85 2
18 127
123 54
86 54
121 52
59 43
84 97
73 51
94 79
52 92
55 59
99 92
15 102
88 84
119 82
100 96
18 11
34 88
82 105
108 24
112 9
97 64
103 97
84 7
126 31
119 19
73 77
21 21
54 13
9 100
103 30
82 4
15 93
107 62
65 22
118 2
115 24
52 4
91 123
125 42
81 90
104 7
2 21
74 8
88 38
39 95
0 99
92 102
69 4
33 126
36 6
17 110
71 122
104 51
29 65
74 17
49 20
67 47
16 39
42 114
23 10
9 28
70 62
91 121
21 71
4 2
52 125
5 82
86 124
24 3
55 91
87 94
76 120
20 56
79 46
87 12
100 61
59 85
125 52
82 48
12 19
122 118
34 17
123 70
34 100
14 75
84 111
21 121
75 87
127 48
52 73
52 104
10 91
93 13
91 118
42 21
119 35
31 9
29 83
4 85
100 109
14 0
92 82
6 38
115 33
27 93
108 7
52 26
92 40
40 90
94 77
28 90
31 106
112 101
49 82
78 89
102 101
110 81
29 44
126 17
85 78
84 82
98 117
12 98
87 78
39 18
126 33
123 9
97 39
96 30
45 111
5 56
54 14
77 65
105 97
48 77
92 23
18 21
82 2
10 126
90 31
21 20
126 92
35 83
16 77
23 114
57 38
94 23
6 16
56 3
65 36
71 111
28 125
108 77
108 96
98 56
66 1
1 92
23 26
42 113
125 48
123 38
75 3
56 50
33 33
51 83
80 96
118 27
75 98
33 113
65 125
57 104
62 82
13 107
115 90
14 69
31 21
18 119
81 35
92 70
80 21
106 91
24 43
63 125
8 123
124 45
38 68
4 40
64 85
29 35
85 9
84 101
107 14
125 79
23 51
55 57
9 99
90 61
30 127
33 36
74 19
123 97
63 30
56 20
111 20
114 30
101 60
81 50
104 96
118 63
58 120
24 37
65 37
98 43
24 88
57 109
8 71
18 117
44 82
96 18
105 35
16 122
13 40
97 45
30 27
83 39
73 89
90 54
56 75
122 51
85 31
14 28
17 45
9 110
59 63
92 83
30 89
94 39
21 79
63 19
23 15
30 63
115 84
118 116
51 78
47 12
95 14
15 30
60 23
112 127
113 53
74 123
120 91
121 98
59 45
123 58
16 105
47 19
4 82
8 61
41 55
64 13
5 89
11 13
60 88
26 61
96 97
12 64
124 103
121 32
102 118
93 12
46 34
53 112
15 32
79 115
7 65
67 37
43 105
1 58
74 69
101 48
5 127
95 97
79 8
2 88
20 47
72 22
63 55
41 4
69 74
15 60
18 60
35 68
104 4
76 81
52 49
111 45
22 59
112 91
72 42
93 25
97 120
62 85
126 68
108 44
22 34
77 105
6 15
39 78
9 29
120 26
7 20
20 1
35 92
37 39
104 16
70 16
53 44
8 112
33 40
93 17
101 110
116 121
110 112
115 48
60 81
93 38
61 17
107 3
19 109
44 51
125 47
64 45
12 103
1 45
85 109
17 109
56 8
108 29
67 118
118 95
67 42
103 61
55 107
127 83
83 109
92 64
93 97
46 59
5 77
82 92
115 6
35 109
112 113
61 35
77 25
84 16
77 52
62 0
126 18
100 45
115 76
85 25
74 68
10 29
89 30
116 12
21 28
34 31
116 69
90 36
90 58
22 10
88 63
95 41
79 21
86 47
9 78
57 65
75 112
85 76
82 106
38 79
93 116
100 31
92 58
120 55
127 97
115 127
117 49
28 100
96 86
15 62
75 89
43 117
70 19
20 15
0 126
35 69
29 76
127 70
23 17
88 42
98 9
78 92
96 58
101 18
2 86
124 33
45 83
97 87
41 116
25 84
61 25
115 23
81 113
53 113
124 5
54 36
18 82
124 59
96 61
76 115
61 98
91 76
111 35
66 70
20 68
122 15
81 123
116 100
49 14
107 67
99 109
62 95
115 89
58 93
54 18
87 17
62 34
65 34
1 35
79 75
23 1
68 126
66 107
7 107
9 56
16 121
92 50
53 92
61 13
20 51
102 69
84 49
104 80
107 50
100 30
41 86
105 47
75 43
63 14
49 73
115 57
24 124
127 74
70 90
114 117
46 10
54 22
109 115
2 120
46 122
26 112
14 85
81 104
120 86
47 64
91 10
117 10
49 18
93 118
108 122
55 81
111 21
102 116
87 37
59 89
80 40
89 72
72 93
82 10
15 13
121 95
22 65
21 40
39 17
71 70
17 111
81 41
23 107
91 101
93 26
88 39
4 32
15 85
34 56
36 94
109 43
24 90
64 53
15 92
31 105
59 114
19 87
69 102
53 102
61 60
23 50
93 115
76 17
73 71
112 104
56 43
69 14
72 53
102 68
59 26
32 101
112 49
124 56
118 35
43 15
47 43
92 22
34 20
94 64
82 20
72 119
21 114
48 84
74 49
119 67
109 19
69 71
83 27
65 65
88 55
15 99
78 91
88 22
17 7
39 0
94 99
26 105
87 34
125 97
50 17
110 98
86 59
78 14
121 103
94 71
1 43
62 26
46 44
29 52
105 100
103 72
61 26
91 117
10 65
79 95
99 85
39 114
19 116
25 115
101 33
37 73
50 97
13 98
11 107
103 123
75 105
101 51
22 91
93 61
20 36
13 104
109 75
57 49
21 126
101 35
89 32
126 0
99 87
38 109
118 26
59 97
37 4
106 93
39 111
48 96
7 62
44 39
52 90
97 13
36 24
65 102
27 45
112 42
81 33
61 53
77 2
97 98
125 11
23 11
6 110
54 79
111 85
52 101
2 107
39 16
124 36
2 59
108 76
65 15
123 82
125 112
29 122
127 84
43 3
35 79
88 14
123 71
122 109
30 82
99 53
56 36
74 109
122 79
121 45
59 100
39 59
71 99
16 107
79 43
68 123
52 41
0 5
10 18
95 98
81 115
57 62
14 58
16 25
35 3
102 36
5 116
27 63
42 69
103 47
126 43
125 118
19 86
30 39
2 87
126 49
61 12
3 86
48 55
2 104
36 41
86 22
126 86
104 115
80 9
25 85
54 96
82 11
17 21
1 38
111 119
52 30
74 23
94 19
74 48
3 18
58 36
42 15
104 125
53 12
43 65
49 22
60 111
57 52
57 20
25 25
84 47
1 103
79 19
104 13
81 22
122 105
112 118
34 19
60 102
38 35
81 66
11 101
41 39
2 73
55 17
34 21
74 2
110 120
120 115
25 19
57 72
97 63
67 51
62 16
86 125
60 104
125 105
60 72
40 39
91 108
122 77
88 97
9 8
92 109
91 4
10 60
98 118
86 28
115 75
101 120
126 102
116 4
31 76
39 68
94 120
46 119
53 25
121 62
91 94
17 17
2 76
45 93
75 65
12 88
126 123
88 20
19 10
34 85
73 20
104 67
8 102
127 89
120 11
2 65
96 100
24 29
83 42
62 15
102 97
8 35
7 10
66 20
113 84
60 70
40 75
94 33
80 1
70 31
17 27
66 53
43 43
96 62
19 35
81 101
22 58
12 12
122 19
68 6
79 104
72 29
66 57
100 93
61 70
1 127
120 16
127 37
119 108
1 96
84 90
119 84
100 70
28 89
39 28
95 29
34 58
78 7
115 92
92 92
99 98
55 13
42 17
87 91
48 15
90 83
1 119
14 53
91 36
44 38
3 24
25 97
126 3
108 53
104 95
13 123
110 23
113 97
25 100
107 37
75 25
78 76
75 62
114 99
70 51
83 84
125 4
96 93
27 35
61 125
34 94
43 88
19 107
126 124
87 76
44 79
87 6
124 66
76 100
43 125
35 78
4 0
30 78
38 54
125 81
48 4
38 17
94 82
66 49
68 67
62 28
97 2
126 110
39 54
4 72
44 58
62 127
90 23
65 96
14 124
22 67
73 84
87 25
47 75
51 30
19 17
88 87
46 87
62 75
89 91
2 110
58 92
87 13
32 94
24 106
15 84
10 50
21 97
91 100
26 83
64 35
97 76
8 48
17 116
55 25
26 109
58 17
66 60
81 103
19 57
60 35
30 85
26 43
54 119
99 36
86 91
0 33
122 99
84 67
53 78
25 127
28 58
41 100
122 41
67 14
91 24
113 12
49 83
73 105
122 11
107 82
123 21
21 49
41 31
41 87
50 61
0 62
64 101
71 14
8 26
110 36
110 82
121 121
59 78
46 82
115 35
87 21
41 14
15 51
4 110
37 70
43 95
99 68
71 86
75 56
56 58
43 62
88 9
112 59
47 63
27 9
13 9
94 75
123 60
28 43
62 43
28 42
110 60
2 101
43 74
71 95
14 24
48 102
99 108
50 11
61 97
8 127
3 80
71 91
40 102
117 81
66 73
40 48
125 108
59 10
71 115
123 44
119 14
78 63
85 20
57 34
84 66
35 11
83 69
37 86
98 90
94 0
90 92
120 20
28 28
87 30
107 121
75 45
116 24
84 5
20 13
101 88
123 92
94 55
57 70
62 11
25 28
34 81
115 58
70 30
34 115
112 43
89 119
16 5
119 66
107 33
71 113
82 95
126 20
52 97
8 3
59 75
62 4
112 126
74 1
14 76
49 7
105 77
72 44
48 42
34 107
78 10
66 104
124 68
51 109
93 98
42 78
94 25
37 50
40 43
13 30
18 12
36 114
86 69
45 20
102 44
60 109
67 12
48 112
66 89
117 29
94 107
21 61
126 118
8 34
62 24
111 8
120 74
4 109
17 29
105 14
38 24
5 9
55 97
46 5
119 118
47 4
51 69
99 103
96 111
40 62
62 72
28 48
88 4
35 46
60 54
59 29
5 71
77 111
84 33
23 45
87 11
24 20
87 103
33 26
82 97
54 47
93 67
51 1
63 88
91 95
117 16
76 30
20 43
65 31
62 33
70 83
101 91
85 85
75 52
97 20
117 117
61 73
124 65
35 34
74 0
55 92
83 70
25 96
83 24
87 59
63 105
124 61
107 59
28 126
11 47
77 109
50 106
109 23
104 58
71 106
83 15
100 38
125 45
2 54
70 123
38 50
43 52
110 65
73 82
86 113
14 107
122 114
34 1
82 94
43 25
12 109
5 88
60 94
110 118
8 88
35 12
4 16
125 58
122 10
10 1
2 102
13 57
61 6
112 84
36 25
10 2
98 94
2 122
83 108
56 9
99 47
56 101
102 6
39 2
98 12
113 54
74 5
86 15
26 26
41 24
14 70
67 61
88 5
65 114
25 18
27 77
71 127
88 73
45 7
98 73
74 46
2 52
113 112
111 96
121 83
126 66
38 110
37 66
17 2
102 85
86 83
126 100
126 19
7 118
19 8
45 77
62 19
122 54
120 56
66 0
93 66
8 77
3 36
73 39
110 89
3 48
89 10
123 42
26 54
120 60
33 102
103 4
114 85
42 8
6 60
107 57
124 62
67 23
108 58
23 77
75 8
6 3
68 98
47 51
107 35
33 39
66 59
6 8
120 21
115 80
80 71
39 115
37 49
116 84
2 12
49 119
89 115
30 29
9 46
105 110
49 43
4 61
65 108
86 24
54 37
113 77
98 58
104 64
50 20
121 51
26 51
114 8
81 51
47 104
94 114
26 3
86 35
125 41
42 2
82 72
10 70
112 65
7 125
32 115
84 26
69 38
12 39
117 61
92 81
90 111
38 119
39 9
8 89
48 9
6 49
5 102
118 79
124 14
101 54
2 30
0 25
123 117
60 105
107 73
68 35
41 105
66 85
50 49
99 113
63 111
9 118
111 63
5 122
73 4
55 50
41 54
85 41
55 60
28 34
80 45
78 124
98 27
113 25
94 24
20 27
23 0
74 15
19 68
112 37
82 44
107 20
108 88
123 100
99 115
91 119
48 87
87 85
80 52
90 51
113 111
55 94
106 124
105 99
87 109
46 66
81 67
93 80
46 55
66 91
5 91
69 82
38 90
16 123
23 122
117 94
94 49
35 108
125 3
65 78
14 1
74 80
97 7
112 7
99 81
66 8
72 48
34 15
114 106
85 53
113 13
62 114
42 111
108 34
75 124
27 107
122 76
118 47
72 62
87 127
98 105
56 68
118 36
11 0
62 99
117 57
21 39
80 117
112 16
70 79
33 78
102 17
106 117
84 73
3 5
9 94
2 111
82 61
95 70
106 40
1 97
91 57
87 62
30 2
83 17
126 60
72 75
41 71
48 53
109 119
56 79
70 20
98 62
42 123
90 1
39 112
5 74
79 4
76 16
44 44
87 60
47 116
57 125
104 87
0 79
80 84
103 75
98 67
89 103
102 28
5 39
65 126
127 27
106 47
48 52
117 76
84 100
71 78
67 78
68 33
1 7
43 112
62 50
111 121
30 36
108 125
74 65
35 99
68 121
54 51
48 103
56 5
30 40
15 52
27 53
2 16
83 96
71 54
17 112
12 32
4 33
100 119
17 57
29 42
60 20
38 94
107 112
82 81
52 43
46 16
27 94
11 80
33 108
89 40
110 15
38 83
86 123
106 61
72 80
74 127
12 61
82 76
83 46
55 126
74 36
126 50
71 18
67 81
30 97
15 23
46 22
14 47
100 29
66 64
85 17
9 20
97 104
91 11
58 1
121 68
95 118
53 107
20 110
104 31
73 14
55 87
46 95
114 81
99 22
39 36
126 44
44 21
72 102
110 27
34 41
4 118
103 86
12 62
77 53
57 94
47 119
120 24
125 55
112 105
1 89
92 19
37 113
3 23
27 41
65 23
92 111
98 112
114 98
79 49
104 52
14 91
11 38
111 29
53 60
36 124
50 94
10 72
121 117
39 63
9 121
84 18
32 62
41 38
21 108
8 66
40 44
55 61
42 100
11 113
91 26
28 23
106 114
109 108
88 36
95 73
96 21
9 92
11 95
74 113
88 75
101 80
103 105
10 38
70 24
12 1
73 54
75 100
113 69
50 120
100 103
77 125
124 125
86 86
98 111
101 32
91 120
18 81
82 116
60 67
66 94
43 85
42 1
97 84
44 115
85 102
87 93
67 17
37 34
71 112
78 66
94 122
33 48
5 124
18 92
113 5
126 65
93 95
125 85
51 19
80 124
32 67
60 123
59 93
46 57
104 55
116 90
96 12
101 44
43 8
19 112
42 37
114 31
104 34
63 74
99 114
32 122
93 29
99 55
104 12
37 112
113 70
2 19
2 112
58 56
80 112
62 3
75 15
102 53
10 40
80 85
11 121
29 30
66 93
39 57
77 84
89 67
64 112
17 89
92 88
6 46
77 21
75 53
70 67
107 69
100 54
60 82
46 90
88 52
90 125
102 29
106 9
53 48
58 11
91 63
13 38
25 13
126 81
113 86
29 105
76 12
111 30
71 89
40 101
87 110
98 57
30 50
23 56
51 8
34 0
95 105
7 12
22 38
91 14
115 82
2 56
62 23
85 112
58 48
102 5
101 25
60 56
115 36
73 13
63 67
47 47
23 75
40 73
14 21
87 33
104 106
46 7
117 100
1 28
99 120
60 40
57 100
20 75
94 13
70 68
61 108
15 127
7 52
59 31
3 39
2 115
12 89
112 40
97 66
113 20
52 18
37 91
101 55
25 94
9 109
13 8
96 35
78 119
39 5
19 37
29 112
33 103
57 10
23 82
112 41
97 68
58 99
16 36
70 11
7 21
124 96
126 25
14 121
1 64
48 40
29 59
9 60
84 114
50 2
93 85
33 15
69 26
55 69
73 121
61 118
124 94
21 80
80 61
15 15
91 97
95 5
41 66
54 28
98 122
123 43
87 100
18 40
105 102
24 17
5 44
111 64
110 95
44 120
47 101
75 84
9 52
125 39
99 71
38 31
15 109
107 42
74 104
76 50
49 103
59 84
121 64
44 18
60 86
98 41
43 29
107 4
105 36
121 20
121 75
92 60
1 39
125 9
75 102
2 49
40 85
89 66
43 53
112 108
112 74
76 90
95 55
10 12
124 115
27 61
66 58
8 0
110 99
105 115
68 3
21 72
108 93
119 23
41 79
14 114
115 113
66 112
51 38
82 17
89 104
72 71
3 68
123 75
96 15
70 54
97 6
112 73
79 51
44 71
55 56
62 77
43 98
101 94
109 45
43 42
112 81
4 65
116 14
11 127
126 14
19 48
2 106
22 127
71 110
28 80
89 109
11 123
3 92
127 9
105 53
54 40
81 83
79 110
67 49
5 84
65 48
49 29
63 97
114 17
78 11
54 1
34 6
117 31
54 59
54 35
116 23
93 108
48 26
118 11
38 80
34 112
65 40
13 34
81 119
51 71
0 82
113 33
37 99
126 4
50 105
123 106
101 122
75 74
45 23
77 8
77 7
83 122
30 46
100 78
6 92
7 63
34 96
66 35
19 15
14 38
119 106
10 103
74 114
21 81
64 1
28 109
94 85
119 43
19 85
30 20
55 76
52 79
27 91
124 67
87 53
123 3
100 8
29 21
60 60
6 108
56 46
45 21
34 18
80 74
56 30
48 61
102 15
127 79
32 30
68 87
20 29
72 69
90 93
84 41
3 19
28 74
126 63
15 110
80 4
32 53
12 69
110 24
123 86
41 91
105 26
97 56
110 7
1 116
89 125
63 98
40 37
45 107
13 45
77 45
36 108
59 4
10 119
65 71
104 24
6 78
62 65
81 20
11 63
111 32
62 53
80 103
9 117
88 119
18 95
10 22
60 58
58 82
28 47
39 107
59 21
101 63
7 36
105 86
88 90
5 17
97 114
75 20
36 119
57 119
122 46
53 31
37 12
45 2
87 49
82 93
42 5
9 88
100 46
19 104
19 99
41 27
51 54
62 87
45 112
5 46
32 78
61 21
33 22
116 58
66 67
83 19
23 93
91 8
0 47
94 47
39 23
1 57
108 61
109 25
34 99
70 80
24 76
15 47
84 124
93 32
17 44
62 81
102 22
39 123
98 16
101 108
2 55
0 10
29 96
38 69
92 94
123 27
73 87
23 55
63 1
38 11
112 61
111 97
123 76
99 60
96 51
68 95
34 57
73 31
25 14
8 1
106 19
71 77
122 47
31 59
12 94
94 80
69 73
21 69
118 67
13 82
71 59
31 5
40 80
76 76
36 33
20 76
15 59
57 45
90 19
115 126
84 13
117 15
126 54
15 19
113 37
87 44
28 46
45 113
15 40
63 118
110 5
2 99
52 65
19 65
43 76
48 120
56 123
51 9
12 40
55 85
59 106
100 21
26 118
35 74
91 84
48 72
97 11
48 106
56 52
125 30
11 67
61 80
52 7
2 41
110 63
71 0
115 117
106 27
90 24
115 114
27 114
126 127
101 95
84 81
32 85
59 123
43 107
56 102
35 61
9 21
99 40
16 41
115 101
93 112
55 109
122 90
109 38
86 68
10 24
75 55
37 21
51 15
12 125
1 120
37 27
29 74
62 44
125 1
24 69
58 23
35 125
97 28
13 70
17 115
106 88
12 22
89 53
90 99
98 88
25 76
59 34
96 89
22 100
116 33
99 52
122 58
78 0
39 14
115 96
43 118
93 79
83 25
13 11
73 100
3 29
124 93
57 81
86 37
49 66
108 45
99 28
30 0
61 67
27 59
101 7
115 10
33 66
8 80
25 57
3 9
42 30
20 14
77 96
77 61
101 5
62 49
