256 256 2000 8000
241 161
68 250
122 203
159 147
191 152
128 63
228 228
254 44
223 7
155 207
65 75
195 188
224 68
227 112
21 30
209 181
213 33
226 64
101 114
1 56
64 100
207 251
127 223
22 7
122 4
161 229
31 78
3 252
56 215
210 98
135 158
92 131
29 116
31 145
59 81
18 6
31 23
209 232
18 137
93 217
127 178
193 196
64 167
162 193
167 28
199 83
162 117
127 210
192 115
235 187
26 104
49 178
96 179
158 169
249 226
143 21
92 92
131 88
229 174
28 134
60 156
36 237
224 58
160 234
99 111
10 230
24 192
253 61
255 19
88 119
33 181
122 133
32 122
32 41
230 138
239 212
33 139
129 169
121 26
86 27
225 137
52 69
52 250
142 221
98 161
78 146
169 6
139 251
66 96
17 38
201 103
127 242
212 143
8 45
213 97
249 239
197 117
233 85
93 127
140 109
64 127
57 61
7 92
53 23
69 146
114 92
35 152
125 163
72 121
255 245
221 99
107 127
255 242
140 27
176 231
171 223
199 229
142 1
184 128
35 40
147 162
227 10
228 145
33 216
31 58
33 117
36 113
224 89
66 149
83 196
152 215
34 13
216 52
125 165
59 145
130 9
20 109
65 145
48 217
178 94
127 88
202 114
231 83
91 175
1 9
184 146
158 31
136 75
227 164
167 209
24 187
34 194
91 109
29 212
105 199
59 227
17 245
61 59
20 173
17 112
82 6
57 93
226 97
27 159
31 8
80 185
228 100
65 184
81 65
7 113
176 196
170 210
96 127
165 181
160 6
131 100
9 36
32 138
202 210
33 145
198 4
64 218
200 11
113 170
135 28
178 156
212 202
64 95
48 187
95 83
68 175
17 2
136 185
113 75
130 13
3 236
40 185
199 28
64 255
114 162
209 77
46 241
206 202
66 53
18 190
43 173
70 100
163 207
225 126
83 9
228 205
127 152
78 243
186 171
148 133
225 85
137 30
238 209
59 253
251 123
9 132
18 13
80 222
96 237
174 106
226 74
236 141
62 23
16 57
16 70
91 225
5 63
63 83
155 251
184 82
165 215
145 33
33 120
70 104
0 69
35 240
119 103
65 139
169 4
180 47
125 52
170 166
249 224
142 146
191 220
129 120
67 86
121 242
185 24
134 164
224 153
75 79
128 168
78 245
215 197
223 191
214 196
107 221
165 180
199 209
96 5
12 140
24 24
151 212
59 245
155 145
238 183
80 123
193 164
175 251
191 124
183 167
252 17
46 1
249 113
241 82
78 125
113 117
232 155
172 12
128 122
101 181
147 38
239 214
64 168
40 123
93 185
39 179
49 114
33 201
93 32
156 94
253 253
209 80
0 133
156 49
47 21
155 111
171 127
170 100
128 95
181 24
93 59
131 102
50 38
131 74
68 228
106 166
16 153
224 90
223 114
17 232
60 92
184 234
41 213
59 205
48 121
49 65
38 94
107 237
208 196
162 163
225 167
82 156
165 119
124 245
177 142
82 153
224 191
33 30
241 97
137 117
24 194
140 21
51 196
76 249
35 102
178 162
95 173
60 33
96 211
230 72
21 193
234 249
35 164
241 146
18 126
146 66
158 108
153 2
224 72
191 242
182 5
81 114
151 180
33 75
120 50
34 9
244 122
243 133
111 251
203 189
146 8
31 119
31 209
92 62
15 65
156 16
255 221
130 160
38 164
103 113
37 144
94 201
197 236
5 245
128 246
95 138
240 57
129 15
7 179
130 225
6 39
248 247
112 252
167 177
60 62
72 187
163 204
117 97
191 248
32 191
186 234
110 202
227 187
78 241
215 5
93 221
255 16
31 28
122 171
221 197
131 173
123 36
78 247
41 215
39 5
252 233
15 129
224 109
79 19
128 74
21 225
91 49
114 94
12 78
132 113
96 255
176 252
37 48
238 157
191 81
216 50
134 158
0 223
208 100
227 22
197 31
195 175
76 27
147 98
137 213
16 66
165 183
167 207
16 228
129 10
30 22
50 39
82 38
224 214
228 226
151 9
167 113
71 62
133 80
34 98
235 77
231 11
110 170
209 170
166 4
130 202
189 195
181 131
255 136
126 214
83 194
159 80
63 173
192 223
180 106
194 117
189 99
191 151
87 9
227 205
67 203
106 178
83 164
1 149
159 168
136 123
195 108
130 162
35 56
120 52
129 81
238 117
146 23
38 168
112 196
128 217
8 75
235 123
184 52
191 142
228 164
21 56
84 248
103 111
103 83
67 228
157 91
141 1
18 11
18 188
97 24
148 250
192 255
139 79
108 12
92 129
199 207
67 42
209 234
93 155
129 75
197 212
204 227
131 237
117 163
186 133
41 30
48 222
243 34
248 85
26 36
103 49
31 68
223 88
186 72
114 60
83 38
165 236
60 67
78 221
201 165
106 112
25 58
65 10
252 30
80 126
215 165
155 205
189 101
59 111
32 42
244 180
192 5
229 206
177 46
64 121
201 167
224 39
108 14
216 128
61 127
98 163
163 222
59 109
63 42
88 181
244 120
128 199
15 24
235 15
199 49
217 24
117 195
218 185
67 198
134 170
15 21
127 155
228 186
214 100
46 146
33 43
208 254
225 190
68 113
191 55
36 111
56 117
120 128
218 174
31 81
167 239
218 171
129 43
46 221
132 207
195 222
127 56
98 99
215 101
40 187
147 249
209 141
33 23
251 189
226 66
233 53
119 5
105 54
89 2
254 137
64 42
253 211
170 176
200 13
37 245
218 37
136 43
83 100
96 240
39 139
186 185
251 181
31 90
225 20
70 106
40 121
227 45
234 231
222 115
210 156
236 77
70 98
253 95
199 175
132 209
219 38
32 167
158 201
242 2
225 222
9 134
139 141
33 254
21 163
243 187
11 253
224 185
5 22
144 121
177 104
251 172
132 111
69 245
156 156
127 191
181 161
212 141
94 31
199 113
199 111
119 101
213 195
60 16
134 104
63 48
225 230
67 54
21 161
33 10
15 137
240 155
72 217
16 130
249 177
170 249
22 22
46 82
60 49
1 152
158 105
94 238
67 240
135 177
43 251
144 251
223 56
221 163
238 215
156 67
16 34
155 245
236 185
156 65
230 74
31 174
107 255
225 17
105 150
6 132
139 143
70 200
128 191
113 179
226 138
148 244
131 171
147 70
203 237
199 177
118 5
249 29
135 94
132 175
165 210
129 49
208 233
153 59
92 67
177 48
202 100
43 143
228 216
224 36
131 152
253 179
132 237
221 52
105 197
137 215
156 131
120 32
65 23
190 254
116 104
139 17
119 249
165 117
177 253
111 7
227 36
244 116
30 18
53 253
82 39
213 99
66 162
238 93
129 117
170 112
130 29
226 193
184 91
231 30
43 79
31 61
37 238
235 45
229 18
63 138
70 170
134 168
222 214
230 40
114 98
240 94
213 131
218 136
21 90
20 111
61 125
48 190
65 148
177 77
95 48
5 244
189 52
251 195
44 173
148 246
133 245
61 32
184 130
22 69
69 247
129 30
181 65
223 183
148 37
116 170
32 238
71 5
17 206
41 181
84 37
227 208
60 158
106 236
116 141
183 5
235 13
113 139
57 241
51 70
191 255
185 26
244 218
224 10
223 29
51 9
33 84
225 56
27 157
98 97
245 189
255 40
32 218
70 62
165 212
143 246
222 182
133 82
193 24
67 136
38 98
24 212
120 84
191 87
191 230
70 94
216 91
29 180
147 134
142 247
34 170
113 48
207 1
197 210
122 185
227 132
194 193
161 249
34 162
233 151
40 219
254 206
23 231
240 230
248 197
176 100
157 217
223 124
17 134
218 237
240 123
26 235
177 170
64 217
43 205
80 187
139 47
33 169
51 249
65 49
128 164
153 93
9 182
107 125
159 47
113 6
219 36
63 168
63 47
123 29
103 207
65 81
242 33
247 207
93 89
126 179
224 182
32 196
32 237
93 191
123 238
8 43
245 191
34 202
59 251
209 43
163 175
184 66
113 253
7 209
203 233
191 210
123 240
117 99
220 245
232 219
27 196
160 237
126 115
4 27
95 205
39 62
99 172
95 14
61 185
95 22
134 196
92 156
230 66
99 220
36 248
192 179
55 7
44 27
35 203
46 247
213 163
42 13
35 74
39 211
61 57
177 117
27 102
129 181
34 192
147 2
27 61
94 108
96 6
103 81
0 37
167 241
117 131
31 36
202 198
89 59
0 255
103 229
24 116
154 19
241 50
209 106
17 109
251 187
160 127
189 84
29 17
244 214
28 38
67 74
255 215
226 34
177 232
98 181
65 78
130 98
64 186
227 141
203 191
71 139
127 14
222 254
193 249
209 168
215 103
40 249
159 253
238 113
52 248
166 7
38 200
73 30
239 116
251 108
135 209
160 5
128 186
183 101
99 207
155 81
119 167
12 44
199 51
241 1
136 121
32 255
191 78
32 104
162 99
192 6
87 116
35 107
238 213
91 251
129 184
216 64
72 249
127 251
60 129
130 24
91 253
195 111
65 169
187 132
24 219
160 240
31 157
136 217
17 110
57 91
60 9
32 121
39 209
94 172
212 79
218 206
67 173
236 217
224 136
202 166
32 100
215 245
226 42
177 106
190 214
63 79
161 196
146 25
162 213
31 206
106 247
26 132
27 198
75 253
177 45
31 187
31 49
36 209
98 195
127 220
6 68
32 168
253 25
236 244
208 2
72 251
227 68
213 24
156 9
93 91
112 254
51 98
226 234
88 215
238 119
106 196
69 48
255 45
165 213
70 194
50 42
101 210
47 19
203 221
167 147
105 165
31 113
18 220
68 177
46 125
229 213
108 227
65 120
223 46
251 143
15 41
218 121
232 91
127 183
203 223
209 46
27 164
18 73
176 233
236 45
248 165
143 19
182 164
65 2
73 181
57 59
91 173
253 0
254 110
21 99
12 0
178 60
219 132
78 1
31 110
247 111
191 91
102 7
238 115
88 229
18 226
231 147
134 94
82 97
147 165
127 188
131 42
252 28
25 90
24 162
187 68
230 130
213 26
209 78
61 121
169 167
92 9
33 15
5 247
144 185
219 134
219 70
191 251
128 200
216 32
129 46
224 239
228 49
204 12
61 19
248 151
145 129
190 211
113 255
35 100
169 103
227 139
36 177
47 244
68 207
249 209
128 42
66 225
209 115
227 173
65 20
33 184
227 38
69 82
64 73
31 184
223 127
50 138
37 146
0 191
162 195
233 149
156 35
209 139
230 36
202 176
209 179
254 174
191 7
216 59
71 94
129 14
69 238
87 212
253 63
133 247
75 109
34 149
103 239
53 255
60 94
238 61
127 87
9 229
95 51
251 221
70 5
253 89
192 237
221 195
151 7
231 145
171 255
51 162
21 154
149 23
131 72
64 137
31 71
6 71
36 175
216 34
242 7
156 33
16 89
75 173
254 140
66 160
177 168
75 47
97 196
160 255
191 247
171 191
223 119
255 218
181 97
238 181
213 161
156 129
146 74
122 217
39 43
133 144
236 121
129 105
5 20
122 37
95 144
34 29
235 234
5 95
216 231
1 88
219 68
180 104
50 34
201 86
46 50
209 200
123 134
199 241
184 50
255 10
184 231
183 249
191 183
235 236
225 199
64 41
43 45
136 251
35 136
83 7
50 89
66 202
70 168
122 72
178 158
95 109
224 206
126 118
129 148
248 87
191 88
215 167
233 231
177 179
114 156
134 5
95 168
38 196
128 121
59 207
94 169
131 54
161 164
14 234
227 8
232 217
176 25
70 164
12 142
130 194
38 20
134 20
137 181
192 234
128 255
48 251
131 228
120 91
76 21
223 210
71 43
93 189
60 131
7 156
71 211
48 123
113 46
31 123
253 27
167 51
39 28
240 251
32 249
134 98
26 249
101 117
9 68
120 59
89 91
91 227
123 38
69 50
197 215
244 216
92 94
67 152
101 119
201 4
147 9
163 124
165 178
163 126
176 164
163 111
227 176
194 213
228 196
148 69
22 133
120 64
67 56
31 93
208 252
230 136
82 42
105 86
26 101
91 111
35 171
174 170
224 205
103 209
51 2
127 248
202 164
207 7
127 17
35 251
66 98
168 242
129 142
117 26
31 11
161 24
242 6
97 164
113 106
59 236
127 59
93 243
31 142
255 3
137 183
4 29
64 185
221 165
216 130
191 145
191 215
75 141
210 9
191 59
63 144
180 168
40 139
81 28
244 184
20 205
232 153
228 47
169 101
197 178
251 45
84 244
122 107
178 98
120 148
91 207
99 190
22 37
34 24
131 251
113 144
184 64
159 205
55 239
203 127
128 103
67 237
76 31
229 181
130 96
76 173
113 211
18 41
103 175
0 134
209 213
140 31
96 191
209 253
242 28
50 193
50 134
127 78
66 9
168 13
55 180
142 125
95 74
75 45
24 178
202 178
92 60
139 205
32 164
184 84
3 254
177 43
157 89
120 130
232 57
117 161
243 6
230 68
146 153
227 100
247 52
164 228
113 142
93 128
62 201
92 11
82 89
228 122
113 45
82 130
210 162
187 31
251 161
144 217
255 77
216 146
144 123
129 20
153 157
60 35
208 231
67 88
248 249
184 59
7 60
82 74
54 27
32 63
120 155
56 181
18 17
216 84
50 74
232 123
78 82
190 182
147 100
50 153
106 114
123 68
212 104
31 216
157 121
3 28
117 33
40 217
31 39
218 4
252 3
145 28
0 31
128 137
159 42
223 251
64 138
23 24
171 125
169 165
62 238
50 156
191 188
223 91
201 101
183 165
213 193
64 223
159 109
51 194
73 183
244 212
181 163
238 179
10 10
127 29
232 59
27 93
44 109
113 234
201 54
92 81
167 49
129 23
239 235
30 243
70 196
251 204
196 228
157 189
22 20
35 198
116 143
38 170
136 187
223 241
82 57
210 94
213 65
99 204
58 3
27 63
181 99
232 11
64 103
97 4
218 217
131 109
129 84
89 241
127 81
222 179
58 19
162 161
112 25
145 178
87 180
181 195
35 228
41 183
144 187
91 145
60 145
186 4
244 5
156 81
24 160
240 249
20 232
99 188
111 1
128 41
191 114
142 245
128 138
38 5
105 4
139 253
227 123
44 249
224 71
82 60
127 247
228 173
15 33
21 97
55 116
216 234
16 38
229 16
177 211
50 66
31 120
139 109
243 217
62 169
128 31
240 228
113 115
191 155
191 223
127 55
127 142
152 181
63 14
85 23
51 38
182 166
152 119
187 29
124 6
52 133
157 127
66 194
159 79
95 147
223 178
0 28
83 2
43 17
26 238
177 200
57 155
223 4
128 218
61 223
31 14
227 43
83 251
128 223
149 253
227 219
63 67
128 73
148 248
38 202
191 241
189 163
10 240
50 97
181 67
2 27
48 219
147 194
43 109
242 129
252 214
213 67
5 242
240 59
135 139
22 230
227 237
170 178
34 85
6 36
85 253
59 173
209 117
33 142
204 14
186 237
140 173
50 25
227 109
105 101
39 75
228 184
63 143
17 70
170 208
103 147
240 219
27 5
104 11
160 63
70 202
33 20
215 252
252 182
159 200
139 173
172 14
84 246
64 164
255 125
244 118
9 70
217 26
35 237
171 189
67 196
49 210
233 55
6 135
65 43
155 49
242 10
209 75
27 7
188 6
159 48
177 202
193 21
232 187
225 249
176 2
253 157
146 42
91 236
224 63
165 116
105 103
47 246
209 142
231 49
245 127
186 37
139 45
163 188
216 148
251 79
89 157
62 172
103 28
210 60
105 167
131 40
114 9
50 70
129 254
223 188
31 177
8 77
125 99
95 200
31 46
146 193
104 13
187 70
145 114
133 146
170 164
163 108
18 222
25 56
16 92
244 182
93 121
82 23
223 230
72 219
21 13
39 177
82 138
112 28
210 194
195 124
5 13
255 189
127 255
228 109
132 248
242 65
172 227
160 191
243 36
35 88
127 119
83 249
113 213
177 141
99 222
157 243
127 26
25 27
43 253
118 164
191 4
243 37
64 246
192 211
17 203
146 6
142 50
202 249
97 21
171 237
82 135
129 52
99 124
125 101
31 135
149 255
157 153
66 24
157 64
107 191
128 104
83 165
251 219
75 205
24 210
220 6
95 42
10 242
208 164
84 250
224 173
231 81
39 158
225 41
122 69
136 139
213 35
35 86
82 66
225 73
128 185
34 53
71 177
66 170
120 82
197 213
177 75
235 248
94 23
122 40
147 197
51 251
65 142
230 132
210 62
50 130
31 154
31 252
159 138
125 148
165 114
107 223
127 46
158 204
119 197
25 154
167 81
103 177
129 78
35 150
144 126
17 243
113 43
187 134
184 32
67 102
248 101
110 106
27 166
70 162
251 97
18 124
212 77
129 213
0 127
243 219
186 136
242 254
127 7
223 155
26 168
33 2
119 165
61 89
64 74
229 119
157 125
183 199
92 14
138 13
193 100
36 250
9 118
33 49
189 148
140 249
31 219
38 104
224 127
235 141
229 215
168 240
99 228
85 255
128 237
18 8
248 55
113 80
145 225
186 206
200 240
248 53
227 134
189 165
0 70
131 107
17 107
67 171
135 179
90 3
194 181
240 153
137 119
201 6
51 100
223 247
223 215
153 61
33 105
135 113
44 21
191 56
8 139
203 125
64 104
11 0
252 118
183 252
253 159
65 52
0 2
227 235
83 70
15 71
240 187
49 129
158 172
32 127
120 146
112 231
218 133
35 42
83 4
150 27
131 205
167 83
186 121
132 250
23 37
70 158
247 175
131 138
218 110
43 47
106 208
175 9
177 213
69 144
208 6
188 245
82 8
223 220
186 217
95 80
69 80
56 119
253 115
12 46
73 215
98 213
119 252
219 29
225 88
157 155
251 47
72 123
68 111
1 85
194 161
147 164
7 241
27 95
20 175
59 225
191 119
152 229
123 132
232 121
99 108
176 28
232 89
127 124
72 185
79 21
26 165
169 197
146 39
206 250
180 170
21 195
120 34
194 163
7 211
125 197
82 193
127 49
187 238
131 143
26 224
227 104
9 206
102 104
194 90
137 138
154 238
110 162
50 98
40 41
218 5
35 9
108 232
161 116
138 232
80 74
205 42
228 65
248 98
179 156
38 68
9 158
108 242
4 155
211 103
184 13
172 118
186 140
80 40
254 183
236 205
182 128
221 118
152 47
33 238
243 83
205 255
36 112
4 24
112 89
139 239
162 120
120 60
85 134
38 243
122 151
216 189
24 232
108 13
117 48
231 25
187 250
62 48
236 46
183 97
165 94
187 227
4 59
118 39
149 8
105 57
131 250
105 29
159 123
161 128
83 254
246 111
32 139
166 6
190 139
133 211
125 6
73 11
104 147
222 76
197 115
145 13
169 187
94 119
166 144
40 3
86 21
165 101
89 172
125 239
181 86
24 165
194 45
29 128
182 147
126 17
171 166
105 2
151 4
76 141
120 168
10 140
27 250
168 101
112 104
53 70
118 51
17 227
226 70
130 184
242 117
87 84
20 16
216 6
229 207
191 154
57 53
182 131
70 40
254 34
149 28
196 236
251 63
6 47
232 251
230 140
221 192
175 28
158 253
70 251
154 245
187 8
230 166
40 215
192 15
112 14
229 130
195 180
142 174
229 125
162 153
94 19
139 49
31 133
203 136
127 231
149 198
34 152
112 7
172 97
28 201
198 241
191 27
253 110
34 75
228 99
111 8
113 235
210 115
255 14
163 22
51 225
253 1
150 122
136 116
137 198
237 98
193 22
69 58
115 130
71 20
129 232
17 135
55 52
39 89
156 136
94 24
190 173
123 49
82 147
158 33
9 58
2 94
63 145
240 92
129 32
131 238
6 38
49 49
23 241
216 143
52 58
61 108
22 220
98 216
98 51
14 173
101 125
49 134
221 158
7 215
222 255
94 138
225 67
108 226
26 145
162 152
15 96
197 37
175 187
152 249
187 228
90 238
169 94
30 86
44 246
194 51
151 6
201 93
17 196
12 116
7 195
34 184
183 177
105 225
195 189
48 193
19 54
201 30
54 175
184 60
233 79
237 97
101 30
139 72
151 172
61 105
178 93
98 114
223 80
146 182
236 197
30 58
121 37
174 34
219 227
68 4
187 170
96 94
94 254
240 69
23 57
166 247
105 8
177 131
93 109
66 57
152 168
57 254
242 166
172 226
23 62
0 222
134 108
21 7
208 255
222 192
252 75
148 23
157 122
34 248
134 226
254 205
25 24
54 206
168 177
207 47
105 220
66 38
33 44
59 129
110 156
131 48
82 2
131 202
194 89
130 148
138 149
119 177
82 181
127 79
238 17
111 2
23 81
249 208
123 218
185 234
34 208
243 254
189 144
83 225
1 69
9 221
102 5
40 176
59 82
221 56
2 133
239 181
45 82
62 176
33 45
102 200
241 24
26 167
128 62
188 40
147 23
254 143
10 75
204 194
187 12
195 173
89 110
123 250
21 213
42 47
245 245
107 198
148 134
254 88
31 59
92 44
93 129
3 77
223 85
168 69
214 183
89 208
21 3
192 30
242 145
76 138
192 148
40 211
153 86
232 151
179 134
153 108
17 204
210 48
103 35
5 196
72 180
204 53
220 203
22 151
132 247
245 112
67 238
62 13
167 251
34 110
35 37
220 187
170 235
175 105
36 215
131 131
123 105
226 91
182 142
34 8
100 227
35 51
52 5
86 186
60 82
209 221
171 83
207 140
131 118
41 142
121 106
47 33
213 50
205 237
52 57
146 216
240 236
253 49
58 11
226 147
197 87
88 18
19 98
158 52
20 1
252 35
4 99
198 105
132 72
221 240
26 50
60 136
30 68
73 237
140 185
189 28
120 0
108 99
147 36
74 30
235 176
105 126
97 22
222 212
11 115
52 251
222 207
191 234
155 219
144 59
103 228
242 69
185 110
224 184
126 7
89 76
48 41
214 243
196 193
244 91
253 12
177 152
71 247
88 7
184 135
25 116
233 134
102 48
39 183
210 106
17 164
81 5
197 147
212 4
254 135
34 125
147 198
37 141
94 72
12 241
28 251
60 93
120 200
23 153
107 190
47 115
66 63
12 150
217 239
24 106
105 30
58 164
105 149
170 150
230 49
85 177
176 137
230 106
110 115
233 232
10 233
151 220
53 107
157 172
221 237
238 47
126 38
216 221
174 63
241 124
68 86
34 59
76 217
3 203
88 150
181 138
179 161
202 197
199 255
123 12
242 137
162 131
45 146
34 224
203 5
206 210
148 59
80 181
69 253
24 236
249 97
163 115
214 155
71 148
195 75
97 64
60 185
179 25
42 243
177 7
66 64
252 252
101 59
238 142
107 179
57 225
77 59
165 59
232 35
48 90
143 22
60 24
190 3
230 47
10 49
222 152
216 8
125 46
185 37
47 252
161 234
83 69
46 49
74 151
71 56
66 206
244 196
23 39
147 195
234 218
133 91
198 194
83 122
236 2
5 62
94 248
12 5
36 216
167 249
46 248
126 53
98 223
214 63
26 183
224 119
174 92
196 60
221 47
117 253
139 201
158 152
221 29
146 241
73 19
202 132
52 227
82 209
44 135
93 218
122 212
16 227
71 183
148 124
170 201
43 82
111 105
62 175
62 0
34 158
38 171
38 21
16 201
100 207
220 148
198 155
4 2
1 127
60 150
57 244
213 69
56 143
60 57
73 132
97 255
113 189
205 189
106 189
218 128
201 253
176 27
212 2
88 249
63 188
126 174
31 176
47 46
131 51
125 233
229 237
164 252
99 205
251 16
34 86
28 102
155 155
157 205
91 143
251 53
2 155
199 199
117 75
220 237
100 157
217 110
162 73
237 213
228 25
140 81
216 173
45 69
131 69
120 236
64 244
20 95
107 140
159 24
192 138
144 120
132 51
99 115
162 62
49 144
246 164
57 39
98 98
183 164
235 247
166 169
146 171
63 219
122 142
12 88
114 8
22 218
190 31
209 235
217 184
204 120
235 48
73 36
41 216
141 82
36 82
42 88
99 116
245 137
85 3
80 125
60 244
155 37
236 105
253 107
19 84
239 176
220 110
39 196
190 210
48 184
162 218
2 223
209 67
37 3
178 101
30 101
33 253
222 200
20 120
101 118
200 239
109 34
115 154
101 94
94 102
241 196
36 163
214 131
119 82
112 251
196 166
91 118
156 193
64 81
233 142
143 133
157 235
38 218
222 40
52 119
44 65
225 57
43 215
132 82
18 154
143 200
40 15
62 83
133 205
122 147
182 91
238 92
165 102
12 20
19 225
136 25
117 118
52 7
84 188
214 4
69 151
24 207
231 42
147 130
222 145
24 199
48 74
9 125
206 205
194 187
176 1
111 184
134 249
244 185
129 203
115 233
209 88
228 132
225 136
169 25
111 3
78 11
152 228
130 56
178 149
226 241
203 190
204 93
66 174
94 157
187 37
84 118
184 186
230 11
194 196
243 47
129 233
240 161
180 4
84 109
207 164
80 213
8 244
14 155
125 192
10 45
239 1
229 38
172 119
227 228
177 221
130 37
123 57
42 21
50 154
22 174
151 101
192 74
239 167
170 177
118 210
156 125
62 111
34 156
14 204
88 180
123 197
182 156
0 242
60 85
184 14
62 113
41 214
95 82
14 109
124 110
226 129
91 18
235 35
27 46
47 227
8 5
5 146
129 31
43 164
180 201
233 115
202 237
40 238
26 203
19 51
91 211
119 4
157 201
233 61
57 194
70 204
248 164
113 233
175 48
146 90
129 140
56 91
162 61
64 151
248 226
34 166
163 99
149 69
43 238
44 14
15 89
71 52
203 117
227 1
134 121
156 171
89 235
113 224
30 135
0 76
103 45
247 247
68 241
7 154
16 231
120 158
134 132
35 132
243 35
226 145
194 209
132 164
93 169
198 226
155 151
167 254
100 188
176 57
204 216
21 153
77 113
122 39
157 142
123 122
181 182
151 52
134 122
10 231
19 150
233 105
96 210
115 167
151 3
85 213
202 105
130 12
198 213
251 230
66 191
36 50
103 208
254 233
186 79
125 222
184 147
72 145
29 8
165 64
125 62
44 121
65 44
249 176
225 110
229 149
204 195
202 165
231 132
79 223
117 10
58 253
44 120
158 91
58 36
252 180
209 95
93 142
186 109
50 221
117 61
61 11
208 103
201 47
92 150
24 124
239 208
110 130
190 224
97 63
24 37
177 195
152 10
167 210
141 178
32 131
214 171
145 244
6 245
99 179
57 72
165 198
105 247
47 22
164 251
27 44
20 40
98 217
224 238
242 40
67 67
104 25
72 25
160 77
228 80
231 103
18 36
24 129
112 57
160 144
109 117
217 124
91 3
234 242
54 68
32 142
247 238
199 216
189 191
164 61
52 12
107 45
76 139
62 226
159 65
86 14
70 6
151 69
191 89
214 236
91 134
39 216
13 137
20 19
252 132
239 199
98 77
18 113
3 20
79 103
209 108
63 49
192 163
198 8
144 10
130 93
12 85
126 253
224 183
198 49
230 161
146 58
62 20
126 103
214 135
81 88
116 164
141 92
27 16
162 92
127 27
101 247
253 98
87 204
134 250
26 161
218 96
12 147
252 157
182 36
253 215
216 104
199 87
60 195
106 167
83 111
9 34
211 25
71 249
5 240
190 49
136 22
32 67
35 33
201 46
113 63
22 56
30 252
149 150
118 63
47 245
234 58
24 73
117 93
234 228
198 216
24 112
126 135
220 117
131 33
221 157
78 4
227 234
69 209
184 26
90 245
82 249
41 236
226 249
238 208
169 2
1 95
61 122
126 95
211 119
184 6
164 157
250 99
24 22
34 91
90 119
44 33
240 81
133 117
67 244
230 67
82 254
211 14
24 45
157 218
196 31
97 251
48 197
190 167
190 124
172 143
36 176
207 115
224 41
242 87
186 151
142 12
143 199
214 115
130 92
237 116
12 235
218 10
158 231
253 243
172 98
93 154
169 24
26 96
207 23
227 181
134 185
155 233
194 201
81 109
252 57
27 14
158 174
241 38
162 184
225 191
221 143
181 221
116 221
138 117
229 189
241 57
107 234
130 6
5 211
180 164
242 37
168 212
168 189
17 126
134 136
124 122
70 17
203 6
230 206
186 178
2 43
81 89
199 208
186 119
17 61
254 134
254 238
30 124
26 211
2 6
90 11
41 210
139 214
71 184
190 135
144 125
55 37
172 64
232 72
152 39
123 8
2 57
200 6
94 47
254 1
107 211
173 235
246 58
226 93
252 97
208 9
158 131
243 222
137 120
233 235
157 220
194 178
8 144
57 24
125 94
56 79
113 230
220 219
34 124
18 40
158 207
134 135
197 235
227 9
143 125
7 212
17 215
140 222
16 52
240 214
242 208
66 148
66 139
66 179
128 46
55 29
214 203
94 107
80 189
187 165
130 190
27 186
83 166
130 230
123 101
197 122
206 203
176 166
3 66
212 93
123 91
169 33
221 46
155 118
82 72
211 193
115 216
222 187
118 84
162 229
210 27
45 59
36 97
190 59
227 250
196 175
37 77
138 187
91 48
105 89
145 253
56 135
70 175
76 126
157 78
138 231
54 67
222 114
174 159
21 98
37 151
119 224
138 247
90 253
210 54
121 16
172 128
76 190
145 60
101 33
23 0
154 100
201 22
228 152
8 38
102 80
1 86
205 117
70 189
33 29
11 254
63 139
28 200
119 210
140 119
97 97
116 108
102 49
197 65
98 58
216 94
5 187
209 44
75 196
69 162
151 29
248 86
165 233
8 197
194 58
141 152
151 51
12 149
164 27
72 70
168 133
179 34
48 23
126 229
225 13
175 3
88 228
129 202
114 25
31 156
156 107
242 34
132 99
151 102
183 146
177 188
113 124
176 89
156 170
114 211
238 143
120 19
131 76
222 106
21 181
33 9
120 228
127 144
2 192
162 94
131 172
183 6
75 71
139 170
62 144
2 146
255 109
178 43
2 169
163 205
112 253
22 235
144 162
94 237
127 150
228 56
172 148
218 64
89 50
142 212
123 25
82 164
232 154
207 161
48 246
190 122
203 234
216 242
60 171
228 55
181 198
222 113
120 116
223 231
223 221
127 80
124 252
88 70
21 133
230 144
2 50
227 195
100 92
26 110
187 14
135 20
5 214
121 132
145 219
252 204
42 244
83 195
129 224
43 252
112 117
130 88
246 196
2 240
246 144
229 184
0 158
209 152
70 132
254 127
89 140
244 249
7 110
191 79
197 51
55 213
39 149
66 68
49 238
2 248
9 18
120 47
126 219
255 244
203 91
145 81
146 147
139 238
83 186
70 108
175 219
169 8
162 4
187 198
238 176
71 17
91 154
253 123
22 233
116 107
100 199
124 148
130 52
164 130
210 232
164 31
144 124
13 28
48 24
230 202
108 96
26 81
179 255
199 235
52 123
125 238
88 185
97 127
146 214
108 183
194 176
85 184
155 222
38 231
254 136
205 240
227 15
30 231
172 132
120 186
110 40
216 218
106 251
72 81
223 249
48 39
196 220
132 9
186 135
16 235
204 208
222 170
181 48
243 2
214 156
187 30
11 39
228 33
174 211
200 86
61 139
83 130
94 129
208 57
238 203
180 204
77 165
165 218
223 149
185 40
16 16
242 88
237 212
217 112
6 112
213 61
174 178
38 17
217 72
16 170
41 68
168 229
84 91
89 204
73 68
194 70
220 39
127 57
189 63
212 28
113 130
39 56
136 90
167 227
66 37
113 254
33 141
220 134
221 224
234 186
140 42
247 85
251 149
122 87
1 15
235 54
15 92
42 148
117 190
201 169
56 217
5 147
78 235
191 250
204 25
239 63
151 119
10 164
157 206
209 131
71 123
80 138
145 19
67 81
164 220
212 29
47 142
3 150
162 171
40 90
201 65
157 109
174 59
169 196
239 124
106 184
178 26
217 25
87 119
197 16
105 94
93 204
233 204
78 81
180 78
182 184
134 105
188 226
84 251
212 142
226 146
20 158
197 233
5 241
11 142
174 60
44 206
185 251
172 129
59 154
135 184
180 132
24 15
69 114
251 118
117 82
81 211
201 142
241 255
112 214
213 82
252 213
208 1
213 118
228 206
204 22
118 131
73 121
211 255
120 123
203 212
65 253
4 28
216 190
29 11
40 44
200 218
135 8
37 114
206 91
41 132
226 245
34 221
32 216
249 98
93 145
186 76
92 228
165 197
27 37
68 106
199 55
67 245
102 158
254 191
145 153
17 253
252 129
138 17
15 3
245 207
124 42
100 103
18 57
178 99
128 55
49 20
172 108
9 28
146 231
105 188
98 141
84 173
98 222
9 111
255 117
236 92
242 157
91 27
217 37
83 34
151 61
181 141
49 4
248 106
81 198
143 227
172 188
183 241
106 4
39 81
101 235
186 93
185 216
155 240
64 184
99 144
228 113
22 2
69 102
252 169
168 28
71 149
134 35
147 34
252 210
3 113
221 9
162 142
157 96
56 250
247 29
199 88
118 20
101 86
92 97
233 4
225 128
43 196
27 217
245 5
30 247
198 184
121 237
223 58
254 226
190 10
49 174
43 39
228 255
246 49
67 140
19 223
77 226
212 230
31 47
92 189
69 165
34 94
33 64
158 32
25 1
239 126
98 79
57 107
140 6
90 247
26 11
66 42
248 51
49 5
92 53
219 58
207 105
202 216
30 237
165 115
200 197
105 20
140 123
1 1
227 21
243 173
94 255
2 220
232 246
116 195
218 132
189 244
254 33
140 251
252 7
224 134
226 144
116 124
55 147
88 134
144 9
236 109
254 200
176 119
202 18
190 7
4 95
53 9
49 60
238 41
115 248
194 47
155 235
20 61
62 54
93 67
83 49
89 107
168 186
194 191
80 42
22 199
25 7
201 156
107 40
28 20
187 105
5 127
17 130
109 236
87 133
158 62
215 30
158 181
0 195
90 173
194 57
233 11
123 168
102 180
16 65
237 50
152 193
85 102
249 129
61 186
18 2
252 172
235 220
9 53
44 185
152 134
158 120
109 237
105 98
188 208
137 74
75 142
16 217
133 129
91 62
135 17
30 234
99 50
30 139
184 80
112 107
24 179
107 137
49 253
8 55
136 194
14 124
230 117
204 191
39 249
44 126
29 41
139 169
254 24
169 153
233 89
67 73
50 170
208 27
147 146
187 169
77 50
93 174
44 138
163 181
195 14
112 74
226 216
142 105
114 93
201 193
227 79
190 176
184 232
182 233
124 99
94 11
213 157
146 41
158 12
180 220
125 240
107 77
36 161
32 52
85 47
178 4
136 15
190 51
59 65
201 111
149 37
93 78
77 10
31 60
142 57
212 171
101 3
185 225
142 153
6 190
146 197
101 54
140 144
237 18
202 235
204 24
93 140
63 220
94 87
72 29
149 213
75 136
165 62
44 182
242 175
226 95
88 26
188 189
165 229
229 45
143 147
252 36
238 112
132 171
46 175
131 22
158 101
30 239
19 242
244 60
50 183
126 207
201 164
149 97
226 113
91 181
176 102
204 162
151 133
54 177
217 40
201 98
157 90
2 75
216 147
71 100
41 51
3 33
18 234
244 147
112 91
152 11
86 111
245 40
194 159
194 71
216 39
176 103
212 152
101 17
15 149
231 50
102 111
91 179
250 20
59 7
155 6
245 22
134 245
204 184
52 252
203 14
194 80
146 154
105 46
145 173
29 138
202 241
255 59
139 119
189 15
65 83
178 146
174 45
65 171
126 19
149 212
173 2
88 54
169 61
81 156
20 161
84 252
242 222
220 131
218 97
41 67
153 235
214 161
94 59
2 28
167 179
138 30
214 217
164 166
156 44
248 185
131 129
117 54
98 134
229 140
182 155
53 116
148 219
157 188
51 166
94 148
11 216
178 150
231 175
66 131
154 35
186 32
161 5
169 13
144 74
40 91
51 186
74 122
241 45
129 45
146 106
179 249
139 41
50 113
155 174
121 91
219 54
232 241
28 195
81 81
32 198
211 23
83 248
39 52
28 98
254 3
10 3
180 87
148 132
141 2
184 129
36 227
56 1
238 182
94 12
194 6
108 187
215 118
169 90
105 191
99 234
152 161
89 236
25 239
118 67
128 102
250 209
104 23
87 181
209 218
181 125
66 153
94 173
218 236
228 18
92 211
37 194
191 118
63 129
135 61
9 228
14 77
100 175
181 117
39 247
198 104
94 120
66 111
9 5
180 93
2 74
34 161
130 152
115 143
184 180
205 153
169 236
205 4
169 182
30 12
108 36
188 187
184 133
206 225
125 153
226 112
90 69
179 135
158 111
229 146
65 73
9 69
30 41
199 210
163 163
116 55
153 162
181 170
168 19
249 22
251 162
246 80
26 150
2 163
90 148
229 66
2 216
152 103
194 36
120 180
225 132
229 40
73 120
230 44
30 110
144 250
131 149
187 186
197 133
251 158
117 214
163 48
181 10
137 93
236 151
113 99
83 145
101 147
255 187
105 200
209 9
178 61
231 243
23 29
206 241
218 65
30 211
174 141
126 78
138 148
52 215
156 135
126 224
69 210
207 123
76 120
154 132
94 55
71 187
52 155
141 56
148 154
52 60
85 105
122 64
108 195
133 33
110 173
98 138
9 90
156 195
123 150
113 122
243 109
129 215
114 202
132 156
141 209
73 188
65 76
48 73
205 170
127 222
61 201
3 29
218 24
102 194
192 190
30 44
158 61
133 102
227 133
35 215
159 238
22 180
204 90
138 225
10 141
232 27
180 99
153 146
27 232
36 20
47 78
17 8
73 171
239 159
5 101
190 149
148 155
67 36
233 93
182 234
113 121
49 81
218 180
38 26
59 118
209 76
90 214
35 119
112 203
184 65
76 14
220 5
170 125
169 59
176 213
20 10
162 178
168 185
4 12
42 24
73 61
83 39
201 247
37 252
193 232
209 130
179 143
74 148
192 225
67 146
203 73
189 133
236 16
161 192
19 102
238 78
39 231
82 105
196 237
24 161
248 65
1 38
80 155
186 161
9 225
221 21
132 242
2 48
133 166
208 93
152 26
181 5
216 80
38 75
66 236
215 140
213 222
218 192
66 8
24 69
72 115
76 1
189 254
75 209
74 88
9 187
154 4
222 105
158 132
248 147
218 94
62 53
2 76
150 248
249 143
141 21
254 19
166 213
33 182
38 139
74 173
56 70
65 202
36 239
162 78
192 42
221 126
53 86
12 111
194 244
169 26
190 19
177 204
218 177
167 4
79 227
227 99
84 154
23 246
32 81
186 44
3 62
100 102
101 112
65 74
119 99
19 47
147 248
41 46
240 66
93 49
126 123
11 184
128 254
223 57
60 15
3 4
241 213
141 50
131 197
21 147
232 40
42 122
94 168
244 26
162 185
70 131
184 238
127 253
130 38
183 130
176 255
126 165
130 154
252 112
148 70
111 160
150 244
70 28
117 252
213 145
251 86
223 16
48 188
197 125
170 234
130 70
175 96
23 145
21 109
134 133
19 89
155 18
122 92
189 157
89 244
46 56
201 176
248 153
255 205
242 226
67 175
151 30
98 6
52 183
16 110
118 234
51 8
64 166
3 55
72 112
33 170
195 109
48 98
126 251
243 153
24 25
28 88
235 137
5 55
24 65
34 42
161 237
45 36
31 143
169 66
9 149
110 91
121 206
245 177
214 148
44 251
4 125
129 185
130 112
252 181
37 209
55 69
159 33
104 218
209 66
236 149
115 183
206 77
201 188
13 245
25 253
170 252
62 193
29 192
33 147
132 61
5 100
126 109
105 1
138 219
62 137
191 221
89 8
50 136
254 223
5 254
25 213
186 17
129 182
72 19
111 164
150 9
58 165
155 134
213 5
109 66
208 166
17 34
238 156
30 61
76 184
226 3
148 5
108 2
218 116
197 252
114 26
233 56
169 5
224 123
33 183
170 13
158 203
76 64
240 37
11 179
134 112
93 248
48 154
187 229
111 79
254 121
244 51
117 34
237 235
92 34
186 92
253 116
72 130
22 195
137 251
174 156
82 184
72 21
53 100
232 207
188 38
3 65
218 193
82 7
2 44
37 25
217 220
246 78
236 1
120 204
189 149
218 82
29 223
250 235
89 240
97 180
168 54
171 126
231 232
57 4
138 79
122 177
101 87
184 197
174 224
90 133
62 147
254 230
178 82
228 219
221 128
42 117
66 70
62 28
53 239
162 91
192 126
226 158
131 183
158 51
41 7
85 79
213 117
247 245
70 39
52 153
57 149
55 181
33 122
163 235
209 204
67 47
201 62
166 12
57 86
48 9
193 193
119 24
218 87
112 46
201 231
156 50
84 123
108 197
208 213
195 146
207 33
80 117
30 119
196 198
222 82
35 252
83 115
217 120
30 46
229 145
166 168
99 75
3 209
58 157
71 6
66 161
120 122
153 209
210 8
83 212
150 26
219 5
66 114
142 4
1 192
32 55
239 197
50 133
45 91
136 162
247 225
245 64
157 248
203 50
71 119
182 170
190 83
24 120
123 199
244 9
108 26
190 72
9 239
65 168
244 27
3 64
78 220
201 21
110 225
175 22
240 10
68 216
121 90
130 138
127 115
125 15
197 155
194 78
118 132
73 217
224 37
135 140
180 247
87 108
111 140
186 61
183 246
131 214
243 231
214 16
137 206
166 201
66 86
94 149
62 170
241 2
126 176
156 217
24 77
85 169
173 230
232 137
109 229
50 67
128 187
88 161
162 160
53 184
66 97
2 197
111 20
176 156
196 103
234 215
84 166
185 231
6 141
246 101
140 220
104 197
130 171
87 166
190 112
48 72
254 240
248 84
133 73
108 122
82 117
211 215
49 145
73 216
221 189
185 111
206 72
123 239
95 105
68 203
93 226
168 116
37 180
5 87
226 31
21 22
174 251
165 110
195 82
201 29
137 11
49 92
156 230
92 107
2 167
252 13
43 18
181 98
165 54
138 213
95 142
94 114
59 151
70 36
195 130
134 103
68 57
221 196
71 196
251 90
186 204
158 215
11 200
114 157
64 67
253 17
133 113
203 152
158 59
50 201
219 2
184 143
182 104
93 65
119 44
227 160
160 141
11 78
39 153
130 206
103 184
156 25
211 39
187 122
67 51
54 186
21 2
4 60
168 113
57 82
4 221
218 115
212 105
16 245
74 21
88 226
84 172
6 46
183 17
156 221
89 53
122 17
145 238
171 222
214 20
124 41
5 60
189 32
5 56
248 105
228 28
207 193
84 58
211 97
229 14
220 136
134 217
173 57
80 113
144 21
121 112
81 145
204 36
109 17
65 128
202 88
48 125
127 153
62 149
68 7
20 221
152 18
104 133
105 168
107 14
62 225
250 145
190 116
181 227
129 19
246 216
77 250
203 166
136 3
129 119
0 30
20 21
163 240
66 109
116 152
144 40
137 139
222 75
178 50
125 53
226 11
179 212
7 116
164 167
175 164
197 246
17 235
158 85
248 152
6 136
49 3
61 209
24 220
103 55
235 151
82 240
190 158
187 103
136 29
37 113
10 229
222 225
124 234
93 209
172 25
41 139
202 202
140 216
238 52
51 116
33 41
192 178
59 117
169 246
33 233
91 252
224 195
179 70
55 196
38 203
212 172
209 55
205 138
123 11
106 85
62 167
113 163
233 69
65 104
167 230
162 71
82 67
219 12
122 180
109 189
197 44
167 211
174 72
213 19
190 109
70 35
211 239
38 108
98 104
236 87
254 142
78 206
118 15
60 230
224 111
211 178
29 32
218 36
253 187
78 111
188 235
0 65
214 23
95 219
214 51
169 129
32 78
12 227
126 178
120 239
15 243
88 242
239 117
146 164
7 205
50 107
167 46
83 71
70 243
17 120
21 178
99 0
34 247
150 50
255 213
197 58
169 85
222 177
91 70
224 17
194 113
132 84
108 53
20 252
90 37
106 255
134 17
88 214
70 234
144 197
105 175
245 131
128 248
130 89
243 18
201 53
24 42
218 32
40 179
204 242
103 235
217 207
134 28
78 239
204 33
30 198
108 251
131 101
74 53
239 122
10 68
209 201
86 68
56 168
131 35
230 48
142 180
189 182
100 231
27 72
116 246
172 79
72 5
34 153
103 216
55 100
28 105
118 16
69 194
62 71
180 30
47 226
87 69
94 191
151 215
191 85
222 123
14 71
132 92
79 35
254 151
112 20
103 67
255 124
127 28
36 153
124 172
219 145
110 241
10 76
53 104
214 215
119 100
53 120
209 31
15 136
50 58
94 215
90 61
21 170
44 213
149 166
222 18
211 184
225 36
81 205
3 78
190 165
134 218
192 55
50 182
135 52
234 221
162 84
118 22
126 87
190 229
116 230
24 64
92 71
100 108
247 83
126 116
220 213
242 185
190 81
5 27
131 82
181 133
185 124
56 59
162 9
185 185
222 70
100 111
211 47
101 182
108 65
174 115
238 175
148 89
13 16
54 40
97 193
63 246
184 126
191 179
172 245
140 43
118 211
158 40
250 69
56 233
33 16
160 210
254 160
26 98
112 215
163 139
113 242
70 135
94 247
2 174
39 8
114 101
74 225
88 116
94 134
53 171
139 100
124 213
216 227
47 250
204 98
22 217
166 207
173 117
125 149
35 34
86 67
180 88
30 114
98 178
219 250
2 217
53 243
254 241
223 182
28 226
30 206
230 170
97 238
131 145
103 152
35 130
54 81
164 231
38 136
81 25
37 228
217 136
100 166
128 131
38 12
233 60
136 33
149 86
194 218
124 38
110 253
67 239
186 162
218 119
82 169
50 37
41 124
142 49
25 159
64 165
105 208
74 37
70 166
228 110
72 65
169 166
151 255
229 50
27 101
111 28
58 177
228 20
240 149
210 170
227 166
188 72
161 6
6 123
222 14
28 180
244 187
244 45
47 23
207 183
81 222
177 203
101 158
57 140
155 9
121 231
109 125
76 33
113 125
158 71
158 158
11 23
37 212
196 204
213 251
201 100
55 108
47 179
210 253
252 113
41 147
36 8
35 0
125 190
181 194
70 203
126 108
46 110
191 144
226 56
225 154
135 56
31 111
85 168
161 64
201 112
95 237
22 88
193 160
197 209
156 115
20 125
34 148
82 230
230 143
116 132
34 49
41 138
10 146
126 77
94 199
243 218
222 216
129 104
111 215
7 99
131 108
79 69
119 198
108 19
222 174
238 235
160 151
84 119
213 133
2 36
36 99
120 232
214 199
18 107
140 184
164 254
243 52
129 44
50 101
141 155
65 119
141 197
213 93
133 209
99 130
181 50
244 213
94 38
26 198
181 250
148 102
158 119
194 245
101 179
182 148
132 112
26 157
176 167
236 134
60 64
217 35
120 74
241 244
37 59
181 77
161 115
212 61
233 210
200 37
198 121
115 22
112 45
51 211
2 234
213 149
113 67
6 97
152 184
117 194
254 229
105 246
2 175
241 181
174 179
65 163
94 144
203 102
240 210
202 11
116 29
124 236
33 191
2 125
204 182
120 14
126 112
66 21
244 77
167 215
133 151
136 21
9 83
141 205
69 76
53 54
94 151
79 243
189 118
61 16
67 98
115 116
204 251
45 244
40 155
79 131
23 132
132 160
135 149
102 175
249 130
98 137
252 251
28 238
76 30
126 124
27 154
225 239
227 87
29 10
216 204
10 163
61 131
147 217
237 218
208 20
153 149
162 236
131 207
100 7
146 188
97 240
229 27
22 53
2 149
86 132
82 51
153 44
192 62
144 220
182 171
62 215
6 208
209 94
245 138
247 147
78 212
178 195
244 188
126 10
203 56
121 3
44 45
61 63
70 80
120 190
125 245
172 22
189 164
203 155
163 30
88 216
234 154
213 10
2 79
74 205
213 150
112 92
186 18
181 162
66 10
51 250
62 150
191 189
20 93
136 238
146 165
44 229
244 181
175 120
69 166
21 118
36 4
209 105
230 60
176 41
200 19
180 195
93 172
197 112
202 209
155 59
156 237
243 90
237 117
38 251
214 59
105 59
64 94
2 85
137 243
130 3
72 105
21 194
182 236
40 158
76 230
217 176
235 244
196 142
59 87
37 102
12 54
16 78
18 56
92 45
173 190
177 143
103 227
228 75
66 123
84 134
234 189
56 26
65 25
24 83
74 140
82 107
83 161
186 60
47 247
158 135
220 240
190 230
154 66
220 111
213 49
228 254
235 185
33 164
104 186
246 184
66 188
142 238
39 215
204 219
7 63
226 84
169 200
107 7
214 83
179 15
67 34
162 69
110 63
7 3
190 205
102 116
231 233
162 36
7 231
208 117
38 10
169 208
254 49
211 76
147 132
71 29
51 81
194 48
40 145
44 34
138 92
220 253
90 78
176 45
66 248
150 81
230 199
160 45
74 84
86 229
46 81
235 249
23 94
21 246
51 121
34 211
234 59
215 7
229 104
7 22
14 191
69 115
157 31
223 179
68 8
248 236
184 48
249 180
201 19
126 184
23 56
110 109
172 107
174 194
143 65
108 86
140 219
156 240
245 56
225 206
51 133
250 238
11 210
50 1
172 193
2 72
83 132
98 187
101 68
87 123
209 143
74 91
212 189
53 11
253 60
23 71
242 217
102 13
247 44
98 40
0 36
98 132
194 72
166 175
122 65
52 36
91 110
225 214
63 187
250 181
41 198
65 244
176 117
94 37
151 183
98 112
94 127
157 141
67 65
197 198
62 55
240 231
196 227
16 143
214 233
172 243
46 2
234 27
129 82
85 87
23 247
133 24
33 146
0 170
205 181
229 120
38 80
145 70
38 14
98 92
141 143
139 182
186 211
2 69
5 251
66 226
167 149
186 129
221 6
80 7
25 36
222 101
51 198
28 167
30 53
96 99
208 102
220 23
237 27
221 133
62 158
245 49
79 115
192 87
55 115
172 154
231 59
101 208
116 151
61 177
109 181
146 194
102 207
77 241
93 252
212 108
178 86
1 134
35 149
26 9
9 217
79 211
24 101
30 187
162 235
126 145
136 195
229 182
76 206
182 90
29 101
97 191
199 178
129 64
247 37
125 243
206 44
184 229
254 48
22 127
249 18
35 230
85 212
122 158
155 7
88 200
2 109
218 83
129 73
83 217
74 79
156 164
225 64
52 219
49 198
214 232
58 34
119 182
214 167
139 215
217 206
185 207
34 237
163 110
250 110
170 68
111 23
254 181
92 93
233 76
2 173
54 245
231 113
95 46
246 47
222 88
188 213
131 79
169 176
88 193
252 105
112 226
162 242
156 149
101 174
188 71
242 139
15 134
50 189
228 119
96 141
99 195
30 128
133 65
117 53
237 181
27 47
204 85
77 15
210 81
37 168
24 141
100 237
38 221
171 50
46 246
38 234
64 227
216 129
109 230
45 221
188 148
144 188
62 171
147 180
111 100
160 55
5 190
195 195
38 172
207 184
34 226
9 175
173 227
220 98
83 185
150 113
85 163
177 201
252 176
255 44
255 17
73 35
184 156
252 161
182 178
47 168
63 81
173 17
37 117
35 16
133 62
65 103
25 249
94 106
73 233
122 139
94 63
223 118
107 236
105 193
115 90
87 51
118 36
105 66
207 233
86 174
122 60
19 166
34 71
153 50
6 29
73 210
119 7
161 239
0 39
211 115
121 188
94 103
222 44
152 216
98 19
110 77
185 248
8 241
59 244
118 121
31 117
60 170
45 143
35 65
35 129
202 54
120 108
249 112
81 121
227 19
82 200
158 48
254 115
104 114
171 152
11 205
107 147
58 49
232 110
236 62
216 38
172 86
209 63
30 0
247 91
68 60
57 208
9 73
154 113
16 90
40 169
163 230
222 110
196 119
58 4
172 219
20 8
76 165
12 97
206 26
209 116
3 249
6 0
233 39
157 245
158 178
229 216
225 234
0 44
67 44
247 59
88 240
244 66
185 184
204 129
234 248
231 183
131 111
146 168
9 230
35 108
92 161
233 86
222 171
27 218
118 243
81 245
130 241
186 235
12 225
140 121
38 177
71 120
219 244
148 58
29 117
35 146
162 79
248 179
152 160
130 86
155 70
47 81
226 88
36 106
125 118
8 70
216 138
234 161
103 46
54 209
237 5
59 26
186 24
186 97
194 147
200 25
112 26
7 183
176 203
34 120
123 145
216 125
226 6
40 116
222 155
154 49
55 30
203 218
225 217
96 83
85 239
122 119
45 109
176 251
131 224
98 152
89 21
16 135
108 204
226 28
242 68
91 214
204 188
148 109
252 68
58 67
222 77
254 87
235 150
32 169
150 110
60 98
2 71
30 72
114 6
227 17
24 198
98 88
224 99
249 126
150 72
251 159
9 86
196 161
249 188
221 164
68 50
1 160
240 152
4 247
18 7
92 66
123 201
218 113
242 112
86 177
94 51
34 210
24 211
188 203
125 128
4 159
137 125
49 173
133 76
72 194
254 85
114 170
112 234
133 246
16 173
41 78
203 147
101 129
249 101
90 49
86 110
160 163
140 23
44 248
130 180
183 244
42 143
82 1
249 149
24 175
156 39
44 23
84 214
154 214
204 84
235 36
93 31
4 63
220 226
235 124
106 177
122 143
146 162
214 121
254 107
156 202
10 144
172 113
202 16
53 160
59 48
7 180
43 46
7 132
25 200
254 31
29 181
150 175
222 166
213 53
130 105
135 231
228 115
251 226
118 59
115 240
42 27
156 24
99 221
37 91
46 111
44 6
49 211
166 212
227 18
122 33
37 210
98 57
252 205
34 23
148 41
19 186
1 37
142 240
59 110
103 77
57 110
128 72
20 253
126 133
60 4
197 63
154 69
14 21
2 132
108 164
230 137
23 25
126 29
184 189
42 91
234 179
149 133
145 48
67 22
218 211
189 239
130 28
247 70
113 107
186 130
219 104
191 125
19 13
57 54
105 230
222 7
243 70
178 115
158 112
124 206
62 237
114 232
250 174
226 198
57 22
62 39
24 70
238 107
180 33
60 204
197 222
150 229
198 98
56 242
24 115
80 39
149 254
155 25
152 104
232 1
171 252
233 150
15 225
195 50
66 89
242 146
190 93
138 151
213 182
145 80
67 145
251 239
18 214
221 31
245 242
222 64
41 189
122 36
133 165
244 124
34 104
98 123
92 140
140 174
141 36
212 30
96 30
9 218
236 166
66 134
124 24
46 99
44 187
82 168
252 0
26 88
136 218
133 87
118 235
186 98
194 106
153 117
166 65
151 188
181 75
215 177
252 197
52 179
111 187
144 213
11 70
34 216
102 14
162 223
192 99
11 69
235 42
89 39
22 185
103 151
255 243
222 140
212 87
216 92
182 57
28 168
155 62
18 203
239 17
43 142
254 71
129 164
173 16
200 210
52 249
34 200
210 61
126 168
160 225
114 50
38 125
105 219
50 119
185 59
184 10
213 116
168 147
252 131
108 21
130 46
87 164
254 190
66 125
82 255
202 169
167 27
67 130
185 35
45 189
217 131
65 141
77 133
166 216
151 156
151 23
253 154
16 8
190 136
181 116
189 190
93 141
192 119
206 141
120 156
206 162
185 112
77 2
36 160
195 250
20 66
229 147
226 20
243 126
204 193
251 105
126 50
196 252
144 246
35 36
22 96
16 219
204 118
96 225
190 171
156 121
217 31
89 71
84 179
222 38
107 218
194 171
82 214
232 73
164 156
236 198
95 108
65 249
254 46
81 11
235 17
140 217
98 160
165 16
2 147
169 47
56 179
12 25
165 174
146 7
134 208
235 217
30 115
70 171
26 102
204 226
212 78
8 56
108 247
90 209
98 35
161 22
182 167
215 25
232 253
215 29
2 20
162 30
111 193
146 40
153 40
107 249
214 142
210 23
92 82
172 36
236 239
227 86
136 163
236 150
240 229
165 151
134 67
158 149
101 146
168 178
108 176
246 142
45 253
154 148
157 60
222 202
122 156
222 134
17 172
62 52
115 115
245 178
195 179
2 226
85 96
225 229
50 209
197 177
26 199
116 46
188 218
187 155
62 134
29 29
33 103
230 75
219 231
222 93
66 228
87 23
68 150
85 242
87 255
76 237
201 198
58 196
19 248
77 143
182 24
33 246
254 173
102 181
20 236
147 81
251 112
101 205
234 98
219 167
169 79
194 251
170 184
172 54
226 121
195 125
15 233
24 14
113 186
31 214
130 57
40 104
230 162
245 234
156 207
24 166
126 180
134 176
17 71
2 26
252 147
195 184
16 206
199 251
105 243
5 164
156 32
112 163
239 243
111 21
160 42
177 163
48 189
78 202
107 114
190 78
110 217
254 80
134 231
145 110
155 8
36 25
167 232
12 160
94 235
34 254
5 223
46 57
28 37
181 146
229 82
103 112
194 236
216 226
129 76
220 218
158 167
146 2
138 47
225 150
105 236
217 121
63 15
213 212
197 68
134 43
149 120
233 106
12 218
179 90
212 203
94 174
78 234
115 180
98 52
27 210
163 66
208 195
66 110
226 155
184 94
91 152
131 16
181 61
12 51
40 233
200 121
216 48
220 73
209 34
52 173
242 130
176 155
215 196
198 117
7 21
5 210
53 192
12 10
102 217
224 8
201 162
236 153
130 200
91 94
6 143
127 126
126 206
227 214
164 161
135 152
78 152
0 180
210 139
210 146
94 112
10 162
182 201
66 30
59 213
205 182
102 62
70 195
35 85
99 81
204 58
155 144
152 79
122 193
178 144
24 41
83 116
50 184
209 217
46 235
30 233
217 231
179 71
194 59
138 16
144 236
191 143
203 236
59 235
122 109
208 199
197 206
9 62
38 157
130 127
13 233
207 129
190 29
37 181
25 48
117 212
158 175
5 222
34 145
167 78
93 11
72 158
84 102
195 230
206 226
71 215
24 97
158 42
230 174
38 167
62 92
19 55
202 113
180 68
97 5
92 72
140 131
169 78
68 176
125 16
193 23
53 47
200 113
85 99
229 23
15 204
126 208
31 213
184 116
122 186
225 43
160 7
81 123
202 35
133 25
232 9
126 106
34 25
21 106
247 132
9 45
124 39
6 219
22 52
51 82
51 236
207 28
130 161
8 150
102 81
177 132
9 254
94 171
73 108
44 66
65 146
48 91
146 245
132 153
233 14
29 94
158 205
252 116
36 183
130 20
22 164
1 191
206 114
137 102
52 255
92 149
219 230
117 166
134 68
21 234
175 119
144 3
124 23
190 206
68 20
38 27
14 215
26 242
59 240
12 193
88 135
176 42
94 182
175 47
70 176
190 198
246 120
216 2
42 20
218 51
207 211
30 157
58 78
172 176
82 40
44 139
16 9
128 142
130 231
254 215
122 172
233 220
159 142
57 150
30 7
226 100
100 34
226 72
190 181
176 157
233 75
115 199
10 29
15 156
177 205
221 87
41 217
17 162
221 254
195 205
243 194
47 133
213 34
162 68
168 221
182 71
26 246
185 36
19 40
96 144
127 211
104 249
112 154
108 100
98 36
217 217
254 242
108 186
229 9
93 220
204 32
141 250
253 78
183 183
88 38
220 172
128 222
52 118
209 107
74 156
5 118
250 3
194 19
105 124
222 141
184 252
78 49
97 233
231 112
207 212
87 30
130 174
148 25
87 109
173 213
214 185
14 142
243 212
15 130
172 142
182 103
29 12
214 106
225 71
49 187
88 1
32 165
16 35
232 6
231 146
75 50
16 106
66 36
14 220
122 32
30 220
32 126
221 15
62 80
237 146
108 143
186 83
56 240
22 115
135 9
117 37
171 88
222 9
36 72
7 135
83 14
105 201
117 50
136 155
60 34
239 163
190 70
39 85
115 92
22 150
41 252
46 169
136 34
76 233
240 8
62 247
139 106
172 53
110 242
220 138
233 146
189 22
16 47
66 102
28 162
184 74
24 193
198 201
28 227
4 162
92 40
146 105
130 128
227 175
106 66
76 13
130 113
127 53
0 79
179 14
225 127
41 233
111 120
82 241
75 72
63 172
158 6
242 8
172 46
96 254
194 120
93 156
15 72
49 66
154 119
67 16
142 201
231 150
131 146
118 57
131 175
43 71
173 42
92 171
58 248
230 43
93 205
78 105
204 203
1 54
105 61
213 227
156 211
137 64
84 187
94 32
65 195
39 84
172 203
170 105
110 76
241 228
186 51
131 137
82 9
187 244
26 236
57 203
201 220
162 24
89 209
210 179
170 18
237 81
230 186
112 199
29 165
3 213
134 27
53 164
245 84
17 244
122 236
229 229
252 201
30 221
222 229
82 231
200 234
253 216
90 182
69 19
183 118
162 45
28 166
188 123
61 35
33 74
241 4
69 204
57 113
77 151
33 249
221 30
226 227
146 221
227 122
53 46
186 218
137 108
52 134
82 171
194 162
116 3
70 144
172 85
54 112
34 179
52 90
42 181
219 105
96 87
121 84
103 7
236 13
117 106
172 215
36 202
66 112
122 22
240 34
225 72
180 2
246 180
217 225
39 246
105 79
80 41
158 247
160 178
47 167
169 15
103 26
112 1
174 242
95 169
119 251
24 34
138 52
90 34
14 1
62 159
39 239
81 251
172 187
172 250
60 10
154 1
190 53
228 179
242 191
105 91
215 99
113 205
21 197
255 41
214 114
62 98
17 223
66 184
254 192
148 198
48 213
103 232
6 72
130 78
250 241
92 108
24 46
242 207
99 30
15 244
22 99
194 197
174 27
166 9
192 12
108 245
213 250
122 0
111 169
22 188
134 13
113 47
75 31
137 121
150 176
30 158
95 50
67 50
240 240
88 167
30 184
26 215
33 196
8 44
134 139
195 110
99 230
134 198
167 184
195 239
66 205
125 32
25 67
134 111
226 46
254 130
86 145
254 38
38 226
229 1
82 183
197 101
100 66
142 220
56 234
40 162
16 30
34 131
154 209
237 247
73 189
130 209
103 215
66 91
79 145
165 25
184 71
31 21
15 164
5 123
67 68
139 164
54 131
36 157
108 101
18 132
28 240
93 222
62 5
191 190
45 210
30 154
144 161
31 185
71 61
115 184
141 125
201 168
92 141
216 228
69 5
131 204
237 162
135 88
156 245
28 194
130 81
146 72
11 8
27 233
163 49
254 43
253 13
164 204
117 202
33 255
246 175
67 119
236 54
90 101
47 199
124 109
194 32
230 5
183 163
29 221
131 151
110 231
54 145
15 207
110 14
120 109
56 150
124 181
195 121
8 153
18 117
158 166
203 72
28 198
9 20
180 107
16 220
133 45
2 241
14 194
158 5
253 140
148 137
106 17
215 182
30 251
42 151
155 206
101 62
28 116
99 217
130 139
81 8
120 8
149 180
17 195
22 68
174 55
163 174
70 250
73 118
227 150
79 20
206 179
17 98
115 193
84 60
162 222
106 165
43 49
145 109
81 219
66 20
86 253
236 57
200 51
29 73
53 8
146 24
92 86
185 125
77 205
101 252
51 212
176 26
30 174
233 173
207 43
153 194
193 163
159 81
222 22
124 66
180 225
156 93
143 243
215 210
154 11
234 244
62 119
214 22
64 222
197 32
162 42
175 123
121 225
66 157
145 34
12 4
166 99
206 253
148 187
254 39
41 204
13 106
149 142
233 50
253 162
83 198
105 5
35 147
166 238
0 179
211 95
117 19
24 103
157 110
81 130
160 126
176 152
146 125
186 115
195 235
243 89
46 29
92 241
93 46
133 90
181 85
67 183
21 82
108 163
182 243
224 23
66 84
255 188
125 56
26 174
236 118
117 49
72 176
240 250
2 42
112 93
71 76
152 199
222 247
73 198
21 114
252 173
54 228
14 26
208 142
107 91
220 109
93 23
19 136
37 145
146 67
75 106
77 155
165 91
191 86
68 21
161 163
201 24
110 0
216 172
148 251
170 67
34 109
113 241
179 24
132 183
249 85
85 246
33 138
120 1
94 86
180 142
183 214
113 173
137 118
35 162
7 120
250 246
241 125
202 251
5 49
196 167
189 211
155 110
218 157
30 11
120 104
225 201
76 67
27 153
50 90
70 220
0 99
85 7
76 229
28 236
253 73
165 182
66 104
112 230
92 162
251 46
201 246
137 10
98 214
73 75
221 32
183 44
254 16
244 164
143 115
69 158
177 121
208 167
173 222
237 141
250 14
97 163
158 225
92 136
36 92
68 156
194 253
171 59
216 239
108 47
183 7
253 212
158 35
103 88
111 252
162 225
222 55
101 197
248 7
67 246
66 133
170 227
243 33
136 200
162 210
231 21
202 12
85 20
175 25
8 242
42 109
197 188
150 207
182 179
219 229
26 107
30 255
220 163
175 6
104 12
127 16
49 130
238 255
162 93
195 248
171 41
67 170
162 60
246 18
94 13
122 70
142 19
66 60
19 86
38 61
37 178
24 216
132 20
34 69
89 98
138 56
53 203
175 140
21 202
117 133
163 13
231 255
7 23
240 118
7 68
253 77
220 208
92 230
11 120
65 24
105 182
85 250
53 37
73 175
29 183
209 228
22 249
231 208
73 251
126 102
246 81
67 194
12 152
252 67
162 203
17 63
234 24
45 178
69 77
222 165
111 179
82 119
12 96
104 113
115 14
133 212
12 228
225 116
9 10
146 124
15 160
114 61
254 152
186 70
106 16
105 112
234 162
175 193
129 121
162 182
231 91
14 123
208 203
183 250
209 132
203 180
151 5
143 77
33 217
185 136
211 58
109 126
106 221
145 123
94 155
157 238
80 220
66 14
208 99
197 86
126 228
181 126
132 193
115 178
167 82
115 135
77 68
69 172
67 19
225 250
110 155
68 183
211 63
212 228
105 65
50 131
29 228
53 163
198 200
66 173
213 25
44 237
117 198
60 106
101 83
45 151
226 166
247 246
196 188
183 196
125 189
98 26
204 196
42 152
126 91
89 92
112 156
113 30
253 137
90 248
201 129
61 247
92 245
105 23
142 110
20 18
184 108
104 51
30 6
104 19
11 245
89 243
37 5
29 53
36 193
233 46
204 23
212 31
162 38
213 190
127 89
132 216
50 255
251 5
58 93
145 185
29 213
98 56
137 221
67 66
235 18
207 254
45 156
164 46
195 221
111 250
144 98
186 94
190 170
89 113
230 57
29 155
112 9
50 137
101 95
213 139
107 41
34 159
26 192
238 207
232 245
74 14
165 18
52 102
85 240
245 190
41 111
133 181
121 248
20 72
213 43
61 222
69 73
68 215
42 248
98 165
171 236
71 182
84 205
218 122
149 226
200 69
100 31
79 45
73 204
107 117
83 74
111 139
156 236
190 13
75 208
62 37
223 48
188 125
179 114
176 74
226 17
43 177
177 35
162 26
25 144
30 25
72 137
166 195
119 102
61 238
24 136
62 166
147 193
148 4
78 124
237 82
35 232
113 94
2 196
142 124
200 212
12 57
129 25
70 93
111 201
47 6
133 46
136 239
190 215
2 219
47 69
77 56
163 34
91 218
2 123
224 225
134 201
174 217
29 216
208 58
129 237
253 241
227 42
83 133
211 71
194 200
165 228
49 153
14 98
73 234
18 153
230 8
239 14
78 29
98 113
8 6
14 162
43 110
13 9
194 208
216 187
86 244
229 109
147 138
20 156
37 42
254 224
160 99
66 221
218 161
39 148
131 215
204 61
108 22
117 130
20 233
116 105
9 117
81 115
216 56
39 152
222 169
58 68
77 197
73 206
218 143
105 190
234 116
35 1
68 164
113 188
207 97
67 76
183 178
19 88
129 42
133 74
98 246
118 103
92 18
9 93
53 212
6 140
226 47
52 68
155 115
38 209
91 6
2 91
182 248
100 220
236 108
250 234
31 218
190 226
187 57
93 18
204 245
127 85
189 179
227 3
249 190
170 53
121 59
34 112
241 46
239 95
167 236
111 65
101 222
66 216
199 31
92 98
23 210
27 123
112 78
140 145
239 234
122 10
249 123
59 25
68 107
52 92
107 73
230 102
133 158
246 213
129 103
7 174
244 55
154 37
254 216
172 89
165 76
70 186
219 106
166 200
126 197
25 212
255 123
124 246
88 155
71 49
172 242
161 63
70 230
158 74
101 150
232 130
184 38
180 163
226 38
90 67
123 228
155 56
228 111
18 16
200 114
133 194
190 227
150 40
4 230
24 237
66 22
205 254
238 35
3 128
59 6
67 9
3 53
100 131
232 186
116 201
44 1
226 199
101 16
12 154
125 152
232 30
211 210
103 131
133 115
172 186
21 203
5 165
89 19
226 4
61 18
180 105
56 86
67 48
100 114
239 218
71 81
121 203
184 92
253 194
9 240
156 66
124 221
122 34
25 248
240 156
102 12
153 243
130 69
199 67
126 83
123 106
109 254
154 61
234 183
24 202
139 183
50 82
135 53
40 122
162 74
244 253
75 164
33 63
145 187
34 52
232 148
30 23
85 195
177 34
159 145
72 233
177 236
254 56
190 248
120 227
182 197
245 35
129 41
181 43
252 84
113 227
166 49
157 23
137 189
53 213
5 15
20 184
98 4
221 142
55 68
211 194
191 253
91 133
170 237
234 15
58 100
224 91
197 76
29 31
254 103
30 203
249 179
156 130
48 221
43 40
190 102
134 189
149 24
128 198
216 238
168 12
53 96
147 42
137 197
250 216
238 232
250 86
165 179
208 168
73 165
226 101
254 45
28 245
245 134
166 105
201 187
251 182
225 10
102 168
211 19
120 205
120 38
215 17
1 255
168 37
245 85
146 181
41 237
0 254
142 106
244 195
0 135
24 133
252 52
226 103
208 119
187 153
204 54
158 9
10 234
162 228
186 182
124 203
118 68
125 143
150 112
38 36
188 130
114 165
37 248
202 199
94 48
28 235
184 165
3 5
79 191
66 88
233 169
101 64
162 5
17 73
157 45
227 143
26 166
167 77
73 101
198 62
62 95
66 142
190 217
108 78
184 83
111 44
212 129
216 26
73 207
120 9
211 179
221 233
177 44
206 151
138 248
175 8
130 187
131 106
177 180
19 243
197 230
122 178
19 30
60 61
40 65
202 201
173 106
162 96
197 179
105 118
62 8
185 206
206 94
72 90
21 65
16 218
249 197
76 65
246 248
126 32
91 206
61 113
105 13
168 124
219 50
5 50
175 192
145 92
249 79
60 77
221 221
247 28
137 172
66 152
79 231
85 171
203 179
35 44
204 164
11 169
21 12
232 12
220 171
162 249
82 216
222 112
66 52
95 43
9 37
181 190
164 102
179 47
240 157
91 246
117 157
194 225
191 5
69 45
225 104
222 102
126 69
159 50
47 188
138 205
83 81
49 217
9 189
112 118
57 112
92 121
89 177
51 179
88 151
98 203
29 111
173 118
186 36
14 46
187 58
220 112
0 71
44 190
49 185
126 88
169 164
238 118
87 148
251 58
204 96
99 213
251 240
30 235
92 195
38 144
74 60
223 143
121 64
248 27
74 133
85 180
239 211
235 86
14 59
143 103
222 60
46 163
137 101
113 180
229 49
89 150
212 3
199 112
226 77
234 237
41 93
152 150
34 84
62 4
52 154
240 204
96 45
153 254
155 127
137 6
223 150
21 107
201 104
85 192
130 43
156 72
118 203
197 140
2 49
119 146
223 6
26 126
30 27
56 249
135 216
146 184
68 249
141 177
60 189
226 226
2 188
11 37
197 55
134 36
209 173
2 186
161 233
239 135
59 70
78 88
16 31
179 216
92 99
172 84
10 213
148 183
43 73
222 218
206 62
157 18
10 81
108 171
80 242
246 125
21 245
28 34
41 36
47 141
157 44
139 31
4 174
45 88
30 113
65 127
40 19
55 183
55 61
158 143
177 87
3 158
191 214
132 136
92 76
233 202
12 252
162 58
182 52
54 36
205 34
186 10
99 189
221 179
35 68
134 171
173 66
213 202
226 53
242 223
172 171
180 31
148 172
2 229
88 115
37 137
218 18
167 85
180 224
165 32
128 239
187 91
146 169
174 40
228 8
115 76
196 61
154 133
37 55
44 28
179 8
225 42
183 100
158 198
227 243
246 79
92 10
112 167
240 172
13 170
50 40
69 74
148 249
145 25
82 104
75 235
85 54
35 47
211 130
226 49
221 232
27 214
235 142
52 29
53 55
47 223
106 86
108 172
155 14
2 200
77 244
5 131
68 147
205 230
118 83
243 180
236 216
69 44
156 194
242 182
132 202
204 112
158 232
31 9
12 141
28 159
12 52
5 219
212 33
79 141
77 245
98 245
226 60
158 56
62 61
91 59
39 114
112 42
175 212
92 115
139 113
5 230
201 191
158 173
64 49
108 90
245 129
210 75
169 223
65 182
226 223
27 76
75 118
220 225
20 157
232 105
162 20
176 215
62 27
126 26
172 122
8 165
41 188
78 175
105 93
42 87
189 160
123 58
20 154
79 221
57 135
82 114
242 27
168 22
9 66
238 250
213 180
172 99
124 187
34 90
158 250
229 30
228 114
162 151
208 26
176 19
174 0
71 88
226 156
232 58
30 14
217 174
216 168
19 83
92 244
48 242
185 221
188 138
236 172
209 254
242 151
179 159
34 222
252 114
23 152
179 140
231 24
98 236
179 23
229 12
62 64
58 131
64 43
140 126
69 180
216 62
134 204
115 15
125 89
5 48
213 102
122 93
69 252
22 24
101 155
210 101
5 5
60 125
46 145
242 156
166 181
254 79
32 239
165 247
34 133
103 240
237 133
234 226
62 255
5 238
36 61
217 148
130 173
61 248
106 68
104 178
157 251
254 250
37 211
26 111
98 93
100 193
30 103
191 16
44 13
215 166
58 205
195 206
194 52
138 60
222 120
234 28
22 187
68 227
204 119
70 172
108 123
2 39
193 233
53 28
250 113
42 55
180 36
36 120
253 231
12 13
153 113
97 116
44 181
152 135
172 65
140 48
122 135
13 41
85 151
206 194
212 107
78 12
163 179
222 180
104 210
37 166
17 194
250 119
167 103
80 71
108 33
166 8
189 46
106 103
98 177
65 107
30 216
173 138
237 221
59 134
157 222
50 83
36 136
117 25
7 119
170 226
175 36
76 66
126 218
90 1
166 21
40 99
162 10
112 168
220 173
76 117
188 204
254 47
95 123
233 28
36 147
192 147
105 33
164 236
177 169
181 139
203 8
140 65
17 10
130 23
105 105
234 119
62 135
251 225
172 90
59 3
12 58
60 245
60 233
112 73
248 194
62 86
72 201
41 103
54 174
237 177
116 6
222 203
72 94
66 213
250 248
234 200
65 31
222 50
107 155
193 96
144 137
73 174
158 214
171 254
222 188
17 19
61 23
20 174
169 89
132 227
216 205
152 151
113 108
139 73
70 103
166 158
98 210
207 179
109 201
117 150
110 95
88 179
93 238
182 215
114 43
137 35
209 62
190 253
14 200
165 28
146 200
40 4
115 119
77 189
50 231
122 76
97 128
197 174
209 121
250 184
146 1
194 38
108 142
120 189
22 231
74 232
61 90
194 138
128 78
161 97
186 173
113 76
203 76
241 235
25 101
185 121
235 74
155 88
229 220
136 76
160 215
227 103
230 193
197 165
88 39
129 28
3 32
34 134
0 208
16 174
83 97
118 142
0 29
64 219
212 100
187 164
5 178
79 26
206 63
177 158
92 172
142 145
35 83
182 8
181 254
69 155
33 167
5 215
17 39
238 173
202 170
69 46
82 202
24 245
76 121
243 131
171 40
242 121
120 133
175 24
231 199
109 170
122 21
226 237
86 81
59 59
28 103
186 194
243 154
113 56
108 223
248 52
218 183
108 149
190 140
80 177
29 126
59 246
59 14
23 114
2 170
168 241
14 135
221 115
160 35
140 233
241 142
19 79
71 231
124 34
160 80
84 245
155 179
119 119
91 87
61 124
93 124
93 96
99 53
3 210
223 89
14 24
250 232
188 99
3 27
231 119
99 163
33 185
2 115
11 242
172 150
49 57
172 172
114 99
2 18
169 193
139 196
234 243
193 161
10 132
9 110
60 180
29 254
177 76
158 26
238 24
36 54
228 36
221 96
246 212
163 221
45 173
21 32
71 140
52 162
184 172
37 200
126 49
198 120
158 137
233 153
235 110
55 123
227 198
98 100
109 16
211 240
94 158
241 188
217 32
230 7
189 79
156 45
46 237
34 15
156 86
226 27
245 214
220 195
120 218
48 138
11 187
202 184
2 185
23 38
94 118
41 83
234 12
137 203
214 169
205 3
0 129
5 21
31 29
60 97
92 242
29 190
6 28
158 235
117 80
87 172
189 27
240 108
237 69
179 115
57 44
14 2
125 244
173 9
66 132
160 195
174 173
66 198
103 176
244 92
47 131
30 245
22 36
243 7
195 213
238 170
226 209
172 96
196 231
96 126
102 59
202 255
152 217
5 30
156 10
208 90
55 109
104 188
206 231
222 197
146 107
148 38
156 242
98 249
190 159
42 253
241 233
91 155
42 232
123 241
49 132
75 2
185 241
180 171
205 234
33 77
216 235
10 80
247 69
98 5
43 169
249 225
28 212
148 12
219 168
73 147
184 222
101 154
152 192
208 91
208 3
62 235
251 116
151 123
156 76
232 136
249 145
19 207
61 78
92 32
108 112
98 120
83 23
165 68
189 56
246 116
142 31
108 119
186 108
12 164
90 18
121 174
168 209
138 122
253 117
123 249
181 244
115 104
215 100
207 79
22 160
80 221
110 92
34 150
52 4
245 99
243 116
233 152
129 24
176 163
33 19
94 42
149 20
20 15
29 144
208 181
204 183
87 8
133 252
128 94
228 139
172 124
222 8
169 60
165 118
152 96
65 118
2 105
210 150
83 6
130 21
129 141
148 92
215 98
181 180
100 35
216 71
37 155
79 179
147 37
167 29
188 5
30 117
144 155
36 241
252 47
90 93
5 179
106 53
16 154
128 184
83 36
165 235
7 181
173 4
26 12
2 80
74 219
188 110
33 8
199 115
90 36
145 134
77 37
189 87
30 189
238 216
105 90
107 51
230 218
91 190
252 177
9 188
60 128
112 200
32 197
21 57
121 40
219 8
144 216
55 215
142 152
67 172
16 129
38 111
169 240
190 92
109 130
16 83
244 38
81 34
240 53
136 4
213 162
188 172
70 185
54 244
86 50
202 85
217 241
30 39
121 189
223 254
105 245
231 214
162 89
82 65
162 135
135 240
127 234
57 236
172 52
36 52
17 190
194 151
217 4
48 236
158 249
122 146
126 225
100 248
24 253
235 253
218 233
151 240
9 147
114 85
235 68
8 140
245 194
118 169
222 12
144 242
47 26
38 107
82 220
211 66
16 17
233 211
221 93
145 88
220 38
113 34
194 15
125 221
251 30
162 169
158 109
241 6
16 13
182 231
155 91
156 189
66 135
214 128
224 116
132 208
245 98
57 162
236 159
10 44
103 119
211 140
9 151
110 55
41 120
41 11
137 61
155 28
66 92
26 114
38 99
159 172
79 125
226 205
170 216
194 194
160 254
12 214
242 55
158 27
76 191
243 51
220 221
120 39
185 148
50 50
175 132
201 89
254 63
7 75
190 204
114 253
96 190
64 120
44 80
70 48
145 27
22 132
254 186
2 22
158 55
69 239
240 56
190 175
77 21
90 118
101 133
99 180
182 114
244 87
30 94
30 3
36 84
204 187
194 18
34 174
43 105
51 207
194 73
86 82
99 185
76 185
226 141
189 233
177 122
12 66
161 161
201 94
239 131
23 49
98 39
8 31
39 61
162 141
107 178
206 27
126 45
245 75
63 78
45 2
76 43
8 214
19 6
152 155
252 164
184 69
8 88
228 217
152 240
134 21
112 103
243 134
66 6
81 166
222 198
27 57
92 146
126 156
8 48
25 68
56 18
134 224
190 207
184 5
168 122
71 170
11 38
69 33
243 184
21 226
51 23
66 208
22 54
94 33
102 201
98 24
66 155
177 109
149 242
188 84
24 251
62 51
2 212
100 78
25 153
197 151
12 185
201 60
158 193
122 61
125 160
173 89
53 242
12 207
23 16
30 90
248 115
2 144
118 236
178 211
94 30
13 48
1 55
143 168
251 180
2 102
251 150
223 234
100 46
122 62
27 58
123 169
113 131
15 87
227 229
206 251
91 244
209 236
33 50
234 85
120 70
158 88
106 106
3 162
201 23
129 138
252 139
83 50
162 123
43 174
145 115
213 81
248 40
149 107
161 180
90 35
152 179
83 42
146 203
27 121
2 164
203 88
30 181
234 167
196 7
105 60
44 48
239 101
239 190
96 15
62 74
226 139
120 165
243 38
29 18
2 96
233 10
151 204
94 210
184 51
171 7
162 254
90 196
151 45
162 56
165 132
166 13
201 9
111 129
70 169
22 103
109 74
165 253
6 25
32 46
89 193
15 67
210 93
229 53
48 10
2 153
112 229
89 176
212 188
128 67
120 13
9 121
163 0
99 1
18 208
66 67
197 208
44 141
248 176
115 70
82 98
185 31
214 24
145 166
241 141
254 29
233 29
94 5
28 63
98 41
177 66
195 231
16 169
226 65
30 213
145 198
118 90
108 97
25 99
86 245
152 91
2 198
242 19
13 185
13 140
175 97
7 178
21 83
29 207
106 232
210 53
132 203
135 23
191 58
133 94
16 202
192 45
68 192
181 150
20 0
19 172
131 36
145 49
185 154
189 196
180 124
182 210
242 73
229 173
94 162
250 221
116 196
77 177
152 59
210 43
9 246
212 204
63 252
248 230
118 217
59 38
219 198
253 92
205 89
22 116
173 240
255 181
93 43
27 209
152 200
124 111
189 21
185 220
22 163
165 188
13 246
133 55
29 5
161 238
75 119
241 91
69 25
146 146
250 29
54 113
175 160
66 168
72 66
115 241
176 58
190 69
76 242
106 152
150 22
182 183
190 85
254 77
87 68
181 37
70 221
114 139
10 214
212 247
30 173
130 213
90 52
69 137
190 212
28 17
64 142
193 224
254 69
184 205
61 154
41 110
147 236
33 73
160 147
97 23
126 18
222 228
218 212
18 243
70 226
28 239
34 201
1 27
98 241
25 195
34 230
249 49
220 72
207 68
2 122
109 57
55 83
220 246
165 220
132 147
148 182
26 237
60 44
185 226
94 65
126 96
176 198
190 157
169 224
231 68
72 76
110 72
248 201
27 66
240 7
226 83
1 150
143 99
235 145
8 87
104 235
129 183
67 182
62 72
21 25
182 51
195 23
187 5
140 13
106 170
38 67
233 44
134 23
207 2
51 244
98 74
107 186
146 83
176 7
155 252
62 157
27 75
20 136
154 109
30 244
64 190
140 5
66 49
84 92
190 30
29 246
214 58
185 16
250 183
228 144
115 212
2 89
110 7
188 24
4 23
245 175
73 64
129 253
158 155
218 76
65 160
32 105
82 101
38 72
191 254
115 25
140 230
39 20
93 45
143 124
16 6
113 29
158 165
133 142
238 74
117 42
126 192
58 228
62 173
93 108
103 85
53 216
235 206
26 171
234 212
200 165
0 143
114 163
20 58
26 162
2 168
150 13
255 73
249 211
78 56
136 70
126 188
107 102
183 209
32 120
111 143
43 235
236 249
67 224
114 75
214 234
94 7
48 194
158 177
93 139
51 248
188 52
135 85
174 109
38 224
0 119
98 83
87 205
76 219
7 184
140 45
88 192
117 189
83 211
163 116
219 201
12 53
175 161
92 251
246 17
190 145
78 195
3 21
130 198
189 126
92 212
205 214
143 226
61 218
85 181
29 92
98 101
196 97
94 208
211 104
62 199
78 57
37 104
217 133
249 187
65 28
96 148
228 131
87 100
44 5
204 186
62 160
84 29
154 197
186 5
126 13
5 67
115 237
71 53
46 170
175 184
161 191
47 195
110 13
165 221
221 61
244 127
210 4
75 240
194 182
73 107
216 232
250 195
124 208
175 33
22 87
252 65
182 46
129 163
100 252
2 21
45 152
21 162
201 194
126 105
152 214
4 90
72 59
32 247
221 62
59 222
128 101
234 53
75 135
155 90
122 51
162 148
80 136
65 232
22 55
26 189
6 176
227 220
26 204
136 211
236 101
111 254
165 158
166 194
163 144
47 230
40 66
62 104
89 203
152 250
59 122
50 41
7 243
72 73
96 178
134 102
241 220
197 24
243 67
172 204
49 190
130 175
247 208
143 223
185 202
240 237
168 165
197 3
207 36
169 58
30 132
65 41
89 136
45 10
168 25
250 68
82 58
163 212
219 100
162 196
112 240
181 222
201 154
151 219
83 102
121 207
77 91
244 150
17 21
204 52
159 46
53 150
144 177
9 89
106 227
62 148
203 252
92 196
15 176
156 99
132 120
72 200
200 178
46 19
125 157
5 82
116 220
173 170
93 206
61 65
2 53
216 219
82 133
74 143
199 78
21 138
9 255
91 7
38 204
26 188
213 245
120 117
99 48
251 169
1 28
221 100
207 6
186 212
122 43
151 132
240 114
68 92
30 145
252 18
227 69
103 82
27 230
254 32
121 243
254 248
16 230
124 131
72 41
71 145
222 21
228 171
226 22
82 100
34 154
69 228
14 64
2 88
58 66
245 33
197 113
134 251
124 123
197 220
141 18
179 92
124 52
249 212
230 185
118 8
30 127
21 254
8 54
19 152
40 250
133 179
80 135
34 135
29 93
110 45
87 132
143 135
194 40
234 5
228 163
113 62
227 124
252 235
53 1
73 182
131 1
14 188
251 98
34 36
151 60
108 162
251 255
108 193
225 75
0 202
165 146
176 104
235 121
236 56
227 236
155 181
49 152
87 115
211 216
99 181
86 131
239 194
45 125
190 184
186 233
2 152
137 171
59 94
4 239
114 195
254 66
204 68
117 145
23 68
128 145
120 56
9 56
101 23
255 137
148 255
149 96
100 167
13 81
204 97
48 177
139 195
59 219
121 25
126 141
99 250
88 211
176 195
22 47
75 183
67 82
207 44
220 108
94 183
134 227
212 163
148 194
230 131
232 230
102 169
11 135
218 33
90 142
222 146
249 8
60 99
254 65
249 189
158 104
30 57
56 28
46 11
216 152
41 13
171 146
157 35
167 53
11 72
160 183
56 118
80 165
169 92
98 243
143 49
82 178
222 43
168 235
34 21
89 86
62 118
235 203
152 180
98 155
187 146
64 102
176 61
162 244
108 250
186 142
135 249
145 130
22 144
158 243
238 67
208 89
197 129
145 174
102 15
40 70
248 129
185 120
88 160
115 211
80 90
233 248
190 60
243 244
2 215
25 186
225 63
168 121
227 140
50 213
228 253
154 84
162 118
254 247
71 178
225 58
210 80
241 162
95 130
204 143
158 47
96 195
70 188
194 60
212 36
164 178
170 56
162 162
241 194
177 185
204 177
222 37
71 9
175 68
85 170
225 192
121 208
46 106
110 98
146 59
30 138
175 115
70 75
63 237
124 163
89 85
179 226
132 148
217 53
154 2
116 33
141 225
40 73
2 56
75 202
104 185
67 111
165 44
27 185
39 202
176 60
7 4
137 124
129 168
211 225
215 247
183 161
3 46
69 109
255 118
73 138
254 74
163 85
135 84
98 118
214 168
44 144
179 91
192 141
79 230
42 123
15 66
130 210
205 236
195 144
1 70
41 157
247 140
121 131
49 38
126 191
188 35
223 253
65 137
126 247
65 13
222 133
222 241
86 13
98 201
226 33
226 167
220 24
253 219
47 104
69 142
9 143
192 35
243 162
105 231
204 232
128 75
230 163
143 230
158 134
238 148
196 178
33 107
181 45
62 197
14 219
41 174
56 47
186 114
4 220
72 4
68 153
198 65
231 111
30 200
217 208
23 89
32 201
197 91
180 230
194 9
118 95
29 30
203 198
243 193
150 67
118 171
96 235
121 111
137 217
174 107
234 104
9 157
172 165
35 23
241 153
147 179
117 116
201 13
34 117
22 248
26 244
11 204
41 33
44 74
190 168
143 6
224 126
99 231
125 85
241 147
148 108
2 40
152 115
149 134
81 68
177 105
41 6
153 54
58 130
205 17
0 247
15 161
13 17
61 75
18 58
124 35
26 86
150 146
212 220
26 56
162 209
62 3
252 22
168 188
135 118
133 237
215 44
194 17
226 25
125 93
28 7
119 98
142 163
102 216
207 48
66 94
3 117
202 189
134 186
185 237
128 216
149 200
47 20
133 154
232 84
241 212
234 23
225 55
135 106
62 91
151 117
42 44
62 94
126 158
189 10
75 145
213 214
91 8
194 67
29 125
189 232
142 175
72 98
127 221
115 238
216 213
34 114
171 76
243 161
227 249
37 115
93 113
194 112
118 92
121 175
30 52
27 118
254 194
66 39
187 167
187 89
172 23
119 113
115 39
222 251
189 55
215 246
101 122
231 155
98 225
143 16
78 217
67 41
60 194
173 237
64 198
0 190
190 216
122 44
85 46
179 239
130 133
105 25
195 49
72 49
157 33
185 239
86 72
190 106
49 88
240 85
26 149
101 90
126 37
18 112
202 149
158 73
94 202
148 118
78 238
35 238
140 206
124 194
190 123
128 1
32 244
201 118
131 67
177 99
121 176
209 140
2 137
143 179
123 59
154 241
221 125
87 165
98 91
76 77
84 211
92 85
158 200
120 134
34 62
199 146
247 55
29 217
5 108
164 183
34 10
36 249
208 229
162 133
169 21
2 249
26 97
33 82
106 216
207 143
149 1
30 183
240 122
122 79
105 130
222 242
105 123
145 251
130 142
2 124
79 168
55 198
252 42
170 120
111 216
21 142
156 196
180 8
7 90
147 207
158 255
13 144
254 81
108 64
18 151
17 233
131 13
232 206
83 15
110 66
144 189
6 193
162 245
126 186
165 246
9 40
234 20
29 189
227 117
132 93
20 130
15 131
75 3
218 147
154 164
219 103
98 64
254 4
244 117
46 88
18 12
214 89
132 150
54 111
215 102
111 22
222 215
118 104
53 106
229 226
17 222
204 223
124 112
250 196
65 223
98 147
232 48
220 194
154 78
145 38
190 151
62 41
108 61
185 4
184 187
199 26
133 140
213 48
84 182
6 126
106 241
221 182
133 228
36 83
