64 64 10 193
49 6
10 33
38 20
36 41
39 41
13 29
36 37
41 7
34 20
9 29
41 9
46 31
60 13
56 38
26 5
44 39
39 40
53 35
52 48
46 5
31 7
23 34
31 36
62 18
61 37
23 50
31 49
40 20
18 33
30 40
48 46
29 4
59 21
46 21
30 30
56 14
21 22
49 18
13 21
15 36
47 1
62 34
55 21
61 15
45 0
47 29
46 47
11 15
12 29
24 46
10 29
9 28
40 32
60 39
39 25
43 28
11 37
34 23
35 29
32 41
57 16
44 48
31 1
39 38
54 19
16 38
30 12
39 20
17 21
32 11
49 34
28 39
51 30
49 7
30 53
42 53
28 13
41 8
14 33
62 35
42 40
53 11
49 50
20 4
44 12
48 6
22 32
34 21
35 41
52 37
25 23
25 10
41 3
26 31
38 33
34 33
45 52
23 18
12 39
58 33
41 36
12 13
41 16
39 11
53 17
39 15
43 4
20 37
43 44
29 44
10 34
40 7
58 34
28 52
37 29
29 28
33 0
27 9
57 36
15 16
47 23
44 4
26 47
21 30
41 49
59 31
58 10
19 35
50 20
40 41
63 20
58 18
38 21
33 25
25 29
14 34
22 2
25 1
31 3
27 43
31 16
43 48
41 45
33 27
10 18
44 11
42 30
22 20
36 40
36 38
44 52
19 17
25 51
27 52
52 11
47 42
11 33
10 35
38 23
14 42
50 32
17 31
49 2
14 19
42 22
55 31
39 27
47 51
30 16
32 32
63 32
12 33
52 4
29 8
31 45
9 20
35 37
20 48
29 48
25 42
14 10
24 6
33 15
29 23
58 19
54 33
16 14
14 18
33 20
45 43
28 48
20 15
28 4
43 24
58 42
51 22
13 28
26 21
62 17
10 17
18 19
52 15
33 37
