256 256 4 150
194 87
255 255
138 132
255 35
171 68
58 221
43 131
177 70
59 111
237 37
46 159
130 135
45 157
63 183
44 155
209 79
45 127
216 58
57 253
50 119
208 81
109 123
113 131
136 132
127 136
67 197
131 84
50 165
59 174
130 86
113 132
134 133
61 179
68 199
214 70
211 75
127 94
134 80
59 219
126 96
59 175
47 161
222 48
42 135
42 149
231 40
169 67
134 126
117 136
110 125
227 43
212 73
106 119
127 92
85 106
210 77
63 109
71 205
218 54
175 69
121 136
151 68
254 35
201 91
119 137
129 118
195 87
71 206
57 223
149 69
179 71
137 132
219 52
145 71
62 181
208 83
128 116
241 36
59 255
43 151
205 89
193 84
71 106
127 114
254 255
55 170
55 227
207 85
46 125
255 254
67 107
128 90
203 90
95 110
112 129
129 88
181 72
47 123
55 229
132 134
67 210
101 114
214 64
173 68
54 231
153 68
233 39
129 135
215 60
111 127
54 245
65 108
91 108
55 247
55 249
243 35
147 70
69 107
87 107
138 131
200 91
69 201
185 75
155 67
56 251
143 72
127 112
66 193
43 153
139 75
131 122
239 36
215 62
66 187
207 87
67 195
190 80
70 203
55 114
44 129
235 38
130 120
194 86
56 225
93 109
62 215
126 110
43 133
60 177
255 36
61 110
97 111
217 56
89 107
