64 64 300 1400
56 44
12 43
32 0
24 36
26 27
54 56
39 8
53 10
48 25
50 28
0 17
0 57
7 5
48 4
11 3
41 44
23 46
13 32
26 33
39 48
37 0
11 48
7 57
40 54
3 46
7 52
17 54
3 24
3 59
6 9
43 48
40 57
25 15
7 36
8 35
6 53
21 9
51 42
18 2
21 54
60 0
40 19
24 61
0 23
40 38
19 28
54 46
15 36
4 50
8 48
7 45
37 41
45 40
31 17
5 63
15 49
51 4
53 43
53 18
34 35
39 20
51 45
32 8
47 44
29 8
59 56
32 27
55 57
9 29
43 12
42 60
52 46
23 24
6 55
56 54
49 27
40 49
53 13
22 29
29 28
31 12
6 35
63 6
15 4
26 29
7 54
17 18
15 50
57 39
37 52
57 37
8 30
26 55
20 32
58 24
4 59
20 3
59 58
26 35
57 14
36 53
37 43
15 12
12 27
40 52
27 7
62 38
23 35
14 35
26 18
58 7
29 25
55 47
21 44
47 60
7 43
16 19
56 63
3 62
39 50
25 21
36 10
54 40
58 27
37 31
61 61
37 36
0 63
14 37
12 10
34 2
10 32
12 38
26 16
20 42
2 40
56 13
26 58
0 40
16 29
6 19
34 37
49 30
9 38
39 14
28 45
9 31
26 14
15 52
2 23
26 25
37 29
8 37
19 23
61 63
17 57
11 43
21 51
43 54
42 36
38 61
45 11
13 24
48 3
12 8
44 7
27 11
35 18
31 41
19 6
20 34
58 19
20 54
4 29
14 60
32 24
33 49
27 0
33 53
4 31
29 18
57 12
22 12
3 42
33 9
46 8
42 32
35 41
56 15
50 26
20 58
49 25
20 40
55 60
54 60
25 19
11 9
22 14
63 52
25 39
10 55
43 56
28 7
0 60
40 14
45 56
59 60
51 40
8 26
15 22
19 2
8 23
4 38
60 14
55 39
52 34
3 48
18 14
45 29
47 62
3 3
18 16
59 0
56 61
7 23
13 9
33 61
51 57
39 6
48 1
35 16
14 31
15 38
14 1
17 8
46 41
7 32
59 8
20 62
51 2
23 22
23 8
12 25
42 57
45 31
54 38
42 11
38 51
40 24
36 8
56 17
46 35
11 6
33 56
44 49
1 5
58 5
22 8
41 10
12 19
25 13
32 28
46 33
46 38
3 22
13 54
43 32
37 58
4 63
33 1
41 56
13 36
18 23
20 5
24 45
11 45
54 50
12 12
45 8
27 10
0 18
41 35
34 24
60 13
60 4
12 51
11 50
56 42
8 50
36 58
8 15
15 2
3 60
32 60
12 49
11 47
53 16
29 46
24 59
54 44
26 11
2 4
7 16
37 7
28 47
52 61
54 51
7 18
33 50
29 9
20 13
0 16
1 38
63 28
10 38
8 49
25 47
16 41
56 26
0 56
10 62
38 25
3 7
13 8
22 57
22 2
50 11
52 35
14 36
8 14
56 60
33 0
59 28
37 34
43 11
37 57
22 58
57 24
37 40
60 52
40 23
8 27
5 1
44 19
43 1
44 23
15 39
5 47
21 45
10 45
23 3
4 27
42 22
53 11
10 27
29 1
1 7
56 18
26 6
39 63
50 42
15 60
37 14
60 37
9 45
30 56
40 50
58 25
3 44
43 43
53 20
30 12
47 61
39 35
29 12
48 62
19 8
41 11
54 57
25 52
54 47
18 24
16 36
42 23
44 43
34 23
32 43
38 54
4 39
49 61
10 13
1 25
47 19
39 7
28 22
17 55
50 9
55 17
42 18
51 29
5 43
49 29
17 12
37 45
0 38
58 18
32 9
34 9
2 5
61 53
48 51
55 28
50 50
62 6
2 53
17 45
5 44
23 6
53 50
38 22
43 50
47 29
7 62
23 23
24 52
23 10
48 2
33 27
54 21
24 8
38 29
58 40
46 37
13 60
5 22
9 8
19 46
16 63
28 59
51 23
12 47
36 44
47 10
22 47
9 7
34 40
23 36
20 59
52 58
35 30
36 4
10 36
45 52
24 40
33 59
62 46
6 29
25 46
59 29
30 54
37 48
20 43
1 63
35 0
18 40
21 0
2 16
59 37
54 14
4 11
1 44
26 15
58 55
12 30
2 19
27 58
43 33
8 20
25 54
9 39
4 25
12 21
28 8
59 5
19 10
32 29
58 0
11 53
31 20
26 17
7 39
50 35
47 4
14 9
44 56
13 5
59 13
18 46
4 10
47 50
51 46
2 25
27 55
43 20
32 22
21 19
31 19
25 22
51 56
59 23
35 51
53 46
3 23
53 40
14 25
4 46
43 7
58 26
39 1
14 30
37 15
0 19
49 7
45 10
45 59
61 9
60 46
25 0
23 28
35 39
13 49
51 20
38 24
50 2
7 61
0 3
6 57
35 55
13 45
33 55
41 55
20 16
53 17
44 29
6 40
3 6
8 31
40 55
12 13
37 61
22 3
4 26
25 49
36 49
43 26
6 20
56 29
36 51
19 32
35 45
20 41
34 31
23 53
4 16
45 33
16 57
62 31
23 45
47 6
34 44
19 45
19 35
47 42
33 7
3 31
53 4
45 15
2 59
26 57
25 35
43 10
17 59
15 10
17 14
40 1
4 60
61 28
15 3
20 38
37 59
43 47
61 46
48 55
8 10
11 58
48 20
12 11
61 40
17 26
1 57
62 32
34 47
12 36
16 32
58 8
18 10
11 7
1 58
62 18
27 20
27 63
21 52
11 32
58 16
40 58
38 0
45 39
38 10
58 14
6 49
24 19
34 3
23 7
20 55
16 42
60 1
28 5
2 28
15 51
41 4
35 10
37 53
15 28
1 59
47 57
0 37
55 32
6 54
28 17
8 54
52 42
53 60
10 9
56 14
27 62
7 44
39 36
20 44
40 35
21 5
35 2
52 26
33 60
16 8
45 62
34 26
57 60
16 35
4 54
58 6
2 22
62 49
56 37
41 36
24 31
36 54
44 12
28 35
47 0
16 22
62 0
21 53
13 48
26 13
35 34
50 58
60 60
39 3
27 29
47 56
58 15
18 59
11 46
20 50
38 26
51 15
18 22
2 2
43 29
27 8
19 56
56 43
17 38
37 62
39 54
46 3
16 20
4 17
15 37
26 24
25 16
47 39
41 43
38 31
28 62
12 57
47 12
11 51
9 3
4 30
2 62
24 29
54 34
9 42
54 15
57 13
4 62
39 41
43 57
42 12
25 2
30 0
39 19
52 7
30 55
46 7
54 37
43 2
20 6
6 30
54 9
9 30
62 58
6 8
7 60
32 56
9 55
15 15
39 49
28 54
43 25
34 39
3 61
47 8
29 2
42 10
9 18
20 14
29 26
39 62
6 39
38 53
52 54
1 45
44 8
52 18
14 18
46 17
12 18
32 41
6 23
60 29
22 13
40 29
0 61
18 34
45 21
30 41
13 28
30 17
27 33
17 48
13 19
25 20
38 28
33 28
37 16
12 61
17 43
26 10
21 1
48 43
6 51
2 44
34 51
44 52
36 22
47 11
38 17
59 20
1 32
9 17
1 17
37 37
19 20
13 63
60 43
51 16
60 33
20 4
53 2
19 22
42 4
48 54
41 46
51 3
34 19
58 41
14 23
53 5
35 14
19 29
5 37
42 56
49 48
38 50
40 22
15 61
6 31
60 45
48 60
24 34
5 38
24 46
52 40
19 7
43 49
10 20
4 34
41 52
56 4
20 53
17 51
2 48
3 2
40 33
21 40
5 45
42 45
10 29
3 34
18 28
22 30
61 12
24 30
40 11
28 25
12 55
40 60
27 45
24 60
4 15
34 22
58 31
30 53
63 40
19 5
53 19
0 41
55 46
62 36
30 49
58 44
34 48
60 26
42 41
34 25
7 22
14 2
49 49
1 28
30 51
26 34
8 22
9 53
16 16
15 7
35 42
29 39
6 63
58 46
23 29
48 53
19 18
10 21
47 49
34 30
7 58
29 24
28 33
9 37
48 48
55 12
21 62
4 58
1 33
17 13
62 51
54 16
37 39
10 43
30 42
20 9
45 13
8 56
9 6
10 50
45 7
19 55
40 48
18 5
11 49
16 15
2 21
28 56
27 22
47 9
4 36
26 61
22 60
12 24
33 62
10 56
54 0
5 6
38 60
29 45
24 5
35 31
20 15
1 40
47 35
35 25
32 46
4 9
46 24
13 3
24 33
60 56
36 15
35 8
2 42
9 44
16 0
29 13
44 6
9 47
56 46
56 5
47 45
62 48
7 6
45 27
48 30
18 27
1 23
29 16
45 41
40 9
45 3
4 28
34 36
25 26
32 30
30 19
57 15
25 36
19 16
5 50
33 54
62 5
42 33
52 28
36 59
35 58
7 21
56 57
40 6
56 49
50 1
6 32
14 39
8 43
42 62
48 15
24 35
24 50
35 5
56 12
59 50
45 45
22 42
17 2
15 56
17 3
35 40
62 50
52 33
47 30
50 59
56 11
10 60
44 40
59 7
56 50
36 9
60 15
10 35
6 27
28 49
15 33
13 37
52 4
42 42
28 44
13 12
35 63
17 52
54 45
5 19
53 12
5 14
50 38
24 44
42 27
44 1
34 20
15 21
60 7
17 23
59 49
62 1
57 9
18 15
11 4
44 48
24 37
21 30
32 61
43 55
55 13
52 37
34 29
45 54
32 62
36 7
24 13
24 21
28 4
57 58
29 22
12 23
38 36
57 21
1 34
9 15
54 39
20 26
34 42
29 42
33 51
37 12
60 61
20 61
54 22
33 3
55 20
36 21
24 24
24 39
54 35
37 42
55 40
31 23
38 48
30 8
19 1
20 27
43 39
36 36
57 8
30 63
62 57
58 39
16 5
40 15
49 24
16 1
5 13
25 1
6 10
37 47
61 62
22 61
25 48
23 15
7 50
14 4
54 41
29 7
27 18
21 21
48 24
60 53
35 1
8 51
35 46
14 50
39 46
10 18
31 27
36 20
1 51
18 1
40 18
43 4
2 18
48 36
54 53
20 12
46 9
60 21
10 33
39 12
57 35
6 36
55 56
36 16
2 11
13 53
36 23
46 25
5 62
34 18
29 40
17 44
59 19
37 30
51 0
50 51
9 0
7 55
0 62
16 33
6 26
25 40
41 19
10 26
12 26
16 2
60 18
1 0
16 17
48 33
19 57
54 61
45 55
13 27
55 55
19 54
3 39
22 1
18 48
48 26
12 58
25 25
41 45
57 20
36 28
25 27
28 13
57 54
9 1
2 20
52 52
17 7
60 3
48 42
63 46
12 39
57 27
60 12
28 16
5 23
19 63
0 25
43 36
12 9
39 15
40 53
10 28
57 3
52 23
38 38
16 26
27 2
58 30
34 49
57 42
21 34
15 48
63 54
60 41
36 19
44 59
49 17
4 24
45 49
21 20
28 61
6 28
40 37
47 40
27 12
37 32
46 14
59 63
16 23
27 30
26 7
1 50
2 56
33 22
18 21
29 44
53 42
51 17
7 33
13 46
48 52
42 54
35 12
55 27
42 35
15 19
10 19
10 63
29 32
60 34
11 10
60 17
27 1
13 14
16 31
63 27
28 28
50 5
21 37
8 12
63 8
28 18
56 39
5 59
59 48
9 58
43 5
2 36
51 11
12 16
60 36
43 60
39 51
41 31
46 18
22 33
30 28
25 38
50 36
20 56
6 18
27 15
28 24
24 49
49 9
7 35
57 1
63 35
5 9
52 44
9 41
20 17
62 16
30 1
25 59
34 60
8 4
38 14
12 48
34 53
45 37
12 2
10 10
28 0
39 38
22 26
59 14
14 58
34 59
31 30
40 56
27 9
27 51
13 15
47 28
52 59
57 38
22 19
21 8
24 58
22 45
37 50
15 46
38 8
12 50
51 1
12 42
25 14
3 63
14 49
52 47
31 16
13 4
57 59
59 1
56 1
42 48
26 28
50 56
46 21
8 29
52 13
56 53
43 9
5 53
17 37
4 7
61 54
8 36
23 12
4 37
47 1
50 25
59 4
57 22
62 22
2 39
39 43
20 18
24 62
41 24
6 48
11 31
13 25
42 53
41 12
61 38
55 19
32 1
49 26
40 25
38 52
45 50
40 27
2 41
25 8
26 60
19 3
14 32
51 30
48 27
33 10
61 27
4 14
55 54
37 51
19 58
37 4
22 54
23 27
47 38
52 49
50 14
44 0
0 22
46 2
41 57
29 11
20 33
58 63
20 23
43 24
15 9
56 28
22 10
49 3
56 62
14 45
33 2
9 33
42 59
38 19
47 15
55 11
21 35
11 41
53 6
39 16
39 44
54 8
63 45
36 27
37 17
26 44
52 32
40 44
7 37
40 61
63 13
35 17
11 25
28 40
55 33
4 3
28 48
11 11
20 2
52 10
39 42
41 49
28 6
24 28
7 30
31 39
12 54
19 24
29 41
46 34
43 16
37 56
62 4
19 47
45 26
17 30
16 12
30 52
21 23
7 42
51 41
42 28
36 41
54 62
20 39
25 10
26 56
39 5
14 44
52 45
44 20
46 44
52 57
33 24
17 56
27 14
45 57
11 35
4 49
54 7
22 9
60 25
49 40
26 23
7 14
13 31
15 13
57 23
30 29
28 60
56 40
22 59
24 63
21 36
45 61
34 1
2 54
14 56
34 46
58 58
33 37
55 3
58 9
62 2
50 47
40 12
51 21
10 4
9 23
50 44
51 54
49 22
56 48
59 59
53 38
31 24
30 11
19 42
52 60
48 5
54 59
63 20
11 52
46 42
23 9
14 38
51 28
4 41
13 7
51 34
38 20
3 47
32 38
19 31
2 55
0 13
51 53
6 52
44 35
15 1
0 30
13 47
31 13
58 45
6 34
8 33
5 34
61 58
57 36
42 63
22 43
47 13
27 52
63 53
28 9
17 19
41 32
55 59
14 57
15 54
15 11
46 31
48 47
37 13
28 37
47 14
13 33
22 25
12 3
62 3
26 41
13 10
37 2
33 11
50 37
17 29
21 22
13 43
57 61
5 2
18 47
4 51
28 34
8 5
49 28
22 32
4 8
60 27
29 29
0 10
5 21
50 27
25 9
15 41
12 29
40 20
50 45
59 2
44 11
23 61
32 26
10 16
27 19
26 19
44 32
28 3
29 31
47 20
55 44
62 37
1 18
17 11
30 36
41 37
11 42
7 53
16 52
26 4
34 56
28 57
30 35
34 61
37 6
39 57
32 4
3 58
45 44
21 10
30 2
30 50
2 24
37 1
61 39
2 13
28 53
56 6
61 0
16 18
15 55
21 14
1 6
15 53
35 37
25 45
59 55
5 48
55 26
22 22
44 47
50 7
41 14
38 58
33 8
55 58
47 25
38 43
61 35
42 37
37 10
21 38
48 56
9 48
5 29
55 63
1 60
18 37
27 26
43 18
33 35
15 40
16 30
60 42
18 9
60 22
23 37
4 55
53 3
18 53
1 30
11 8
30 7
63 7
13 35
34 32
10 17
56 52
57 7
58 51
43 31
32 25
54 43
31 40
8 8
15 34
28 58
10 6
12 1
62 24
9 46
22 49
53 49
39 33
35 6
6 45
43 8
57 55
43 13
62 52
46 60
61 31
14 61
32 37
57 18
