128 128 16 798
53 63
67 42
67 38
114 74
49 30
54 66
70 42
46 52
49 63
77 74
70 38
50 67
108 77
97 94
45 48
42 51
60 108
23 29
22 73
26 39
80 81
58 27
97 93
18 72
40 99
92 97
74 47
54 55
76 39
97 41
44 7
34 52
115 90
55 98
82 119
119 52
84 50
11 78
110 83
55 28
50 109
35 73
77 23
81 28
84 97
28 44
54 98
40 104
101 49
123 83
26 25
73 71
47 14
19 76
87 100
26 83
86 17
104 37
117 77
80 107
17 39
82 24
113 46
71 72
57 45
18 37
42 111
88 95
75 43
44 11
80 69
47 99
90 45
76 18
115 69
83 65
56 81
60 87
24 44
39 108
36 76
82 3
45 116
124 41
18 50
59 6
60 48
100 96
33 109
43 72
43 16
17 70
114 38
38 112
111 53
58 82
50 30
33 13
110 97
47 10
117 76
37 44
12 80
81 94
12 42
102 41
125 78
124 81
46 54
24 79
51 30
67 39
27 47
80 41
114 73
39 41
110 51
90 19
90 103
78 19
50 63
94 52
53 29
91 66
111 69
46 48
77 6
28 45
101 74
114 51
90 6
22 84
50 13
116 79
33 68
17 91
56 28
77 112
125 77
122 74
14 86
34 70
82 102
59 2
71 38
23 36
59 95
83 114
77 27
108 93
95 8
50 68
87 5
22 71
113 47
110 49
25 33
119 70
32 77
126 75
48 95
63 51
46 6
58 40
35 74
81 98
93 7
52 50
21 32
112 74
75 22
81 115
15 46
22 49
55 11
53 110
106 50
34 71
104 45
19 87
61 79
107 54
32 85
75 39
57 77
123 39
62 47
121 34
84 101
42 12
81 7
110 25
56 15
79 86
17 82
104 85
126 47
59 112
64 76
121 76
97 14
25 69
36 21
114 71
43 106
17 40
94 70
70 39
124 42
52 118
30 52
125 44
40 23
85 118
42 69
106 52
57 99
20 43
106 89
18 93
43 21
88 32
118 29
59 78
81 11
80 28
125 45
14 74
11 44
89 14
57 64
72 76
76 83
118 48
84 39
33 79
33 43
25 81
10 72
80 15
23 86
95 114
85 52
57 119
103 68
118 85
91 56
23 93
51 4
21 69
13 70
51 101
85 105
87 66
89 10
108 86
61 43
117 46
52 63
112 44
36 16
80 94
84 21
91 93
9 70
100 111
84 118
121 44
35 89
58 107
122 48
31 47
117 87
10 47
106 33
82 55
76 87
73 38
16 42
96 99
76 104
54 67
91 29
118 50
112 43
21 40
55 37
86 105
105 48
46 69
60 18
28 93
113 86
119 82
84 12
75 83
49 22
41 8
54 24
20 96
77 2
84 25
49 13
90 112
87 13
79 119
40 94
18 74
51 8
30 50
20 42
91 107
45 93
55 7
108 29
32 45
77 87
63 38
53 66
59 10
109 47
108 36
23 76
102 99
116 26
109 77
90 69
26 97
35 49
47 71
92 11
21 82
28 29
62 88
96 28
87 56
79 58
62 34
12 41
93 16
108 78
77 35
86 109
46 10
102 51
73 51
47 23
58 66
119 83
90 53
45 29
110 71
37 78
61 39
46 45
96 18
120 42
44 97
77 120
62 75
57 11
123 70
76 14
89 23
58 103
113 93
45 34
49 109
55 111
75 79
113 36
54 96
61 22
54 37
48 5
92 74
31 48
59 23
15 76
123 52
81 53
105 75
45 107
116 96
14 50
46 68
27 75
49 113
112 79
100 106
59 116
66 38
30 72
26 49
85 4
59 44
14 37
60 104
121 88
46 103
122 50
34 81
88 73
88 90
84 83
83 110
102 81
82 67
59 35
73 80
57 7
56 94
118 74
119 91
83 57
29 80
31 97
97 108
106 95
24 43
85 17
25 89
89 108
79 99
32 19
71 50
73 84
118 37
90 77
111 33
95 55
48 117
122 36
56 103
99 78
30 89
105 47
78 107
94 110
48 73
78 66
104 19
63 42
115 82
23 75
78 95
18 85
15 88
25 41
73 42
115 53
124 80
117 35
108 44
43 101
45 52
46 53
13 39
61 26
74 75
57 86
18 48
108 45
77 44
56 107
50 105
79 77
60 39
86 54
90 10
21 90
79 7
118 93
29 42
15 44
65 50
107 68
84 4
93 21
60 14
64 46
84 72
114 84
46 34
90 54
59 27
85 92
29 68
83 12
53 12
23 47
79 115
103 109
14 48
102 70
53 62
34 101
77 95
51 17
94 12
31 75
121 78
19 35
116 80
42 52
118 72
20 79
85 101
106 82
33 54
39 81
82 16
67 41
18 29
40 18
98 87
85 21
50 95
89 112
58 15
127 52
103 54
75 100
19 45
83 16
101 33
49 9
28 77
25 53
24 78
57 111
127 70
53 57
79 36
78 56
26 73
88 104
55 85
102 98
13 52
98 112
121 46
78 82
96 104
54 102
51 105
56 41
58 56
60 74
14 36
88 27
84 110
48 104
47 108
120 80
75 26
93 106
89 99
51 114
38 10
110 39
34 51
74 88
100 21
103 13
45 66
79 11
81 24
75 96
116 42
45 114
53 16
14 85
51 118
91 15
100 46
111 89
77 78
113 74
76 74
83 8
100 38
88 18
45 15
85 70
26 71
26 51
28 36
117 45
22 51
10 50
23 46
30 70
52 12
93 50
44 25
113 29
36 84
110 72
103 43
82 20
61 83
63 84
80 103
92 25
77 73
79 64
52 101
122 72
126 72
46 77
52 72
41 67
65 72
90 116
93 115
71 42
86 68
54 16
106 72
17 52
66 42
52 4
51 21
59 99
55 115
53 8
116 43
87 113
111 81
11 45
51 52
77 116
28 78
31 74
30 82
59 87
78 15
60 83
29 54
10 75
42 70
87 117
49 56
39 14
85 114
82 106
15 78
54 106
88 5
79 3
16 80
34 41
54 3
22 38
58 95
83 106
36 46
72 46
35 48
21 53
119 40
89 51
15 34
14 72
86 96
44 74
57 23
17 83
115 32
114 49
119 39
94 69
45 56
100 11
20 80
55 24
50 54
96 23
28 86
95 67
87 9
92 111
49 5
35 33
19 77
42 53
78 27
17 31
77 99
100 89
122 85
102 52
51 70
36 111
82 98
57 36
76 48
78 40
101 73
19 46
53 106
98 10
11 77
36 101
99 44
74 34
36 38
63 80
102 71
79 23
36 11
43 7
85 30
106 40
54 119
86 26
61 96
57 115
106 70
43 51
79 111
87 22
81 111
115 40
81 37
61 100
51 93
81 85
111 41
9 52
89 71
103 79
49 38
88 49
53 114
63 71
92 48
100 76
101 48
83 93
77 10
58 19
96 94
104 77
49 62
48 27
92 115
20 26
70 41
49 31
83 29
100 16
52 83
52 21
86 13
50 26
52 35
92 7
90 68
56 19
85 8
49 100
46 19
78 103
100 84
51 67
40 113
30 40
79 45
49 117
48 90
47 112
104 103
12 81
13 83
48 18
107 42
50 17
45 47
36 106
78 67
55 69
97 81
57 3
87 109
122 37
52 110
59 120
76 35
80 19
54 20
40 28
32 37
119 31
88 117
46 116
93 101
57 58
93 72
105 74
126 50
50 40
30 33
122 86
76 108
52 25
107 80
110 77
94 53
60 35
100 101
55 53
41 55
