128 128 32 66
33 120
2 37
20 10
44 120
65 19
103 24
104 86
65 23
82 23
5 85
15 32
20 32
108 24
104 94
44 19
44 10
15 37
103 6
114 22
82 6
122 22
108 4
114 4
2 72
7 85
92 120
33 122
93 86
5 72
123 94
44 122
7 119
29 120
109 4
123 93
105 94
81 23
44 18
20 31
103 23
7 86
122 94
4 72
64 19
2 38
7 118
108 5
43 122
92 119
93 87
44 11
83 6
103 86
2 71
5 84
92 102
108 23
91 120
19 32
20 11
16 32
66 23
94 86
15 36
32 120
15 33
122 23
107 24
82 22
104 87
27 119
34 122
3 37
82 7
104 24
113 4
104 93
21 10
6 85
65 22
45 120
3 72
8 119
33 121
45 19
5 73
14 37
114 5
114 21
121 22
93 100
115 22
43 10
103 7
102 6
123 25
44 121
65 20
