128 128 2 92
0 27
0 113
100 30
60 29
97 125
51 120
66 127
119 45
60 125
102 31
98 125
92 127
44 21
94 126
95 28
127 96
18 20
68 27
48 118
107 34
6 24
11 22
44 119
127 58
4 25
122 105
54 25
45 21
90 27
124 102
64 28
0 112
95 126
6 116
38 19
124 52
111 37
94 28
88 26
104 122
119 109
10 22
56 123
104 32
52 24
1 113
45 119
97 29
50 23
18 120
16 120
61 125
11 118
40 120
8 117
58 124
54 122
92 27
125 100
13 21
13 119
100 124
126 56
98 29
47 118
4 115
63 28
47 22
64 126
66 27
1 27
14 21
16 20
42 20
122 49
40 20
20 19
42 120
61 29
126 98
107 120
20 121
8 23
102 123
14 119
63 126
57 27
48 22
111 117
0 28
10 118
38 121
125 54
70 26
